# Angle [deg]	Magnitude [dB]
-9.000000000000000000e+01	-3.877562822103779183e+01
-8.990000000000000568e+01	-3.877444513544185156e+01
-8.980000000000001137e+01	-3.877089686723753914e+01
-8.970000000000001705e+01	-3.876498637947894110e+01
-8.960000000000002274e+01	-3.875671860161651239e+01
-8.950000000000002842e+01	-3.874610041609940936e+01
-8.940000000000003411e+01	-3.873314063971871235e+01
-8.930000000000003979e+01	-3.871784999980962283e+01
-8.920000000000004547e+01	-3.870024110543560880e+01
-8.910000000000005116e+01	-3.868032841373143782e+01
-8.900000000000005684e+01	-3.865812819158356461e+01
-8.890000000000006253e+01	-3.863365847285906085e+01
-8.880000000000006821e+01	-3.860693901141982565e+01
-8.870000000000007390e+01	-3.857799123018813248e+01
-8.860000000000007958e+01	-3.854683816650945971e+01
-8.850000000000008527e+01	-3.851350441412211723e+01
-8.840000000000009095e+01	-3.847801606202222047e+01
-8.830000000000009663e+01	-3.844040063053342493e+01
-8.820000000000010232e+01	-3.840068700490657250e+01
-8.810000000000010800e+01	-3.835890536675707096e+01
-8.800000000000011369e+01	-3.831508712367431713e+01
-8.790000000000011937e+01	-3.826926483733178941e+01
-8.780000000000012506e+01	-3.822147215039421297e+01
-8.770000000000013074e+01	-3.817174371257919319e+01
-8.760000000000013642e+01	-3.812011510614592424e+01
-8.750000000000014211e+01	-3.806662277113123594e+01
-8.740000000000014779e+01	-3.801130393062655344e+01
-8.730000000000015348e+01	-3.795419651636512270e+01
-8.720000000000015916e+01	-3.789533909489141905e+01
-8.710000000000016485e+01	-3.783477079456759640e+01
-8.700000000000017053e+01	-3.777253123364070575e+01
-8.690000000000017621e+01	-3.770866044960941821e+01
-8.680000000000018190e+01	-3.764319883007755152e+01
-8.670000000000018758e+01	-3.757618704527885711e+01
-8.660000000000019327e+01	-3.750766598246090666e+01
-8.650000000000019895e+01	-3.743767668224968048e+01
-8.640000000000020464e+01	-3.736626027715171716e+01
-8.630000000000021032e+01	-3.729345793229458650e+01
-8.620000000000021600e+01	-3.721931078850828101e+01
-8.610000000000022169e+01	-3.714385990782453462e+01
-8.600000000000022737e+01	-3.706714622147210036e+01
-8.590000000000023306e+01	-3.698921048039566983e+01
-8.580000000000023874e+01	-3.691009320835451035e+01
-8.570000000000024443e+01	-3.682983465760675301e+01
-8.560000000000025011e+01	-3.674847476719757111e+01
-8.550000000000025580e+01	-3.666605312383728688e+01
-8.540000000000026148e+01	-3.658260892536102915e+01
-8.530000000000026716e+01	-3.649818094673856450e+01
-8.520000000000027285e+01	-3.641280750860330073e+01
-8.510000000000027853e+01	-3.632652644824600685e+01
-8.500000000000028422e+01	-3.623937509303664228e+01
-8.490000000000028990e+01	-3.615139023620017866e+01
-8.480000000000029559e+01	-3.606260811489039497e+01
-8.470000000000030127e+01	-3.597306439048706750e+01
-8.460000000000030695e+01	-3.588279413104412185e+01
-8.450000000000031264e+01	-3.579183179580927288e+01
-8.440000000000031832e+01	-3.570021122173629635e+01
-8.430000000000032401e+01	-3.560796561190215925e+01
-8.420000000000032969e+01	-3.551512752574956977e+01
-8.410000000000033538e+01	-3.542172887106503509e+01
-8.400000000000034106e+01	-3.532780089760544939e+01
-8.390000000000034674e+01	-3.523337419229089562e+01
-8.380000000000035243e+01	-3.513847867587448093e+01
-8.370000000000035811e+01	-3.504314360100217840e+01
-8.360000000000036380e+01	-3.494739755158370542e+01
-8.350000000000036948e+01	-3.485126844338684293e+01
-8.340000000000037517e+01	-3.475478352577724905e+01
-8.330000000000038085e+01	-3.465796938452226073e+01
-8.320000000000038654e+01	-3.456085194558625062e+01
-8.310000000000039222e+01	-3.446345647984060179e+01
-8.300000000000039790e+01	-3.436580760860946526e+01
-8.290000000000040359e+01	-3.426792931000258591e+01
-8.280000000000040927e+01	-3.416984492593818601e+01
-8.270000000000041496e+01	-3.407157716982696627e+01
-8.260000000000042064e+01	-3.397314813482212514e+01
-8.250000000000042633e+01	-3.387457930260322314e+01
-8.240000000000043201e+01	-3.377589155262732135e+01
-8.230000000000043769e+01	-3.367710517179441609e+01
-8.220000000000044338e+01	-3.357823986447934317e+01
-8.210000000000044906e+01	-3.347931476288474073e+01
-8.200000000000045475e+01	-3.338034843767101734e+01
-8.190000000000046043e+01	-3.328135890881183911e+01
-8.180000000000046612e+01	-3.318236365665674015e+01
-8.170000000000047180e+01	-3.308337963313820751e+01
-8.160000000000047748e+01	-3.298442327311369837e+01
-8.150000000000048317e+01	-3.288551050579253854e+01
-8.140000000000048885e+01	-3.278665676622708247e+01
-8.130000000000049454e+01	-3.268787700683900255e+01
-8.120000000000050022e+01	-3.258918570895596645e+01
-8.110000000000050591e+01	-3.249059689433043019e+01
-8.100000000000051159e+01	-3.239212413662847467e+01
-8.090000000000051728e+01	-3.229378057285845927e+01
-8.080000000000052296e+01	-3.219557891472960165e+01
-8.070000000000052864e+01	-3.209753145991845003e+01
-8.060000000000053433e+01	-3.199965010323354164e+01
-8.050000000000054001e+01	-3.190194634765913051e+01
-8.040000000000054570e+01	-3.180443131527188072e+01
-8.030000000000055138e+01	-3.170711575801398041e+01
-8.020000000000055707e+01	-3.161001006831774163e+01
-8.010000000000056275e+01	-3.151312428957020728e+01
-8.000000000000056843e+01	-3.141646812641307207e+01
-7.990000000000057412e+01	-3.132005095486717039e+01
-7.980000000000057980e+01	-3.122388183228261838e+01
-7.970000000000058549e+01	-3.112796950710256993e+01
-7.960000000000059117e+01	-3.103232242844204336e+01
-7.950000000000059686e+01	-3.093694875547687317e+01
-7.940000000000060254e+01	-3.084185636664137675e+01
-7.930000000000060822e+01	-3.074705286862968379e+01
-7.920000000000061391e+01	-3.065254560520449445e+01
-7.910000000000061959e+01	-3.055834166580689271e+01
-7.900000000000062528e+01	-3.046444789397455466e+01
-7.890000000000063096e+01	-3.037087089555835817e+01
-7.880000000000063665e+01	-3.027761704674965060e+01
-7.870000000000064233e+01	-3.018469250190932129e+01
-7.860000000000064801e+01	-3.009210320120443427e+01
-7.850000000000065370e+01	-2.999985487805538753e+01
-7.840000000000065938e+01	-2.990795306639355644e+01
-7.830000000000066507e+01	-2.981640310772902680e+01
-7.820000000000067075e+01	-2.972521015803729938e+01
-7.810000000000067644e+01	-2.963437919446234758e+01
-7.800000000000068212e+01	-2.954391502183874252e+01
-7.790000000000068781e+01	-2.945382227903996508e+01
-7.780000000000069349e+01	-2.936410544515132415e+01
-7.770000000000069917e+01	-2.927476884547331082e+01
-7.760000000000070486e+01	-2.918581665735651143e+01
-7.750000000000071054e+01	-2.909725291587468732e+01
-7.740000000000071623e+01	-2.900908151933624879e+01
-7.730000000000072191e+01	-2.892130623463811645e+01
-7.720000000000072760e+01	-2.883393070246654588e+01
-7.710000000000073328e+01	-2.874695844234823383e+01
-7.700000000000073896e+01	-2.866039285755356403e+01
-7.690000000000074465e+01	-2.857423723985721153e+01
-7.680000000000075033e+01	-2.848849477415932441e+01
-7.670000000000075602e+01	-2.840316854297100591e+01
-7.660000000000076170e+01	-2.831826153076475094e+01
-7.650000000000076739e+01	-2.823377662819844147e+01
-7.640000000000077307e+01	-2.814971663621128783e+01
-7.630000000000077875e+01	-2.806608426999884642e+01
-7.620000000000078444e+01	-2.798288216286788810e+01
-7.610000000000079012e+01	-2.790011286997628659e+01
-7.600000000000079581e+01	-2.781777887195898913e+01
-7.590000000000080149e+01	-2.773588257844658500e+01
-7.580000000000080718e+01	-2.765442633147629081e+01
-7.570000000000081286e+01	-2.757341240880032629e+01
-7.560000000000081855e+01	-2.749284302709512318e+01
-7.550000000000082423e+01	-2.741272034507215238e+01
-7.540000000000082991e+01	-2.733304646649573755e+01
-7.530000000000083560e+01	-2.725382344311071137e+01
-7.520000000000084128e+01	-2.717505327747890576e+01
-7.510000000000084697e+01	-2.709673792573465789e+01
-7.500000000000085265e+01	-2.701887930025350215e+01
-7.490000000000085834e+01	-2.694147927224254602e+01
-7.480000000000086402e+01	-2.686453967425427436e+01
-7.470000000000086970e+01	-2.678806230262487986e+01
-7.460000000000087539e+01	-2.671204891983919083e+01
-7.450000000000088107e+01	-2.663650125682696768e+01
-7.440000000000088676e+01	-2.656142101519210286e+01
-7.430000000000089244e+01	-2.648680986937496584e+01
-7.420000000000089813e+01	-2.641266946875364852e+01
-7.410000000000090381e+01	-2.633900143968247676e+01
-7.400000000000090949e+01	-2.626580738747483323e+01
-7.390000000000091518e+01	-2.619308889832611698e+01
-7.380000000000092086e+01	-2.612084754118604479e+01
-7.370000000000092655e+01	-2.604908486957500457e+01
-7.360000000000093223e+01	-2.597780242335242207e+01
-7.350000000000093792e+01	-2.590700173043639509e+01
-7.340000000000094360e+01	-2.583668430847510677e+01
-7.330000000000094929e+01	-2.576685166647533265e+01
-7.320000000000095497e+01	-2.569750530638719610e+01
-7.310000000000096065e+01	-2.562864672464634808e+01
-7.300000000000096634e+01	-2.556027741367910266e+01
-7.290000000000097202e+01	-2.549239886336664185e+01
-7.280000000000097771e+01	-2.542501256247530961e+01
-7.270000000000098339e+01	-2.535812000005018163e+01
-7.260000000000098908e+01	-2.529172266677651493e+01
-7.250000000000099476e+01	-2.522582205630840235e+01
-7.240000000000100044e+01	-2.516041966656780460e+01
-7.230000000000100613e+01	-2.509551700101426519e+01
-7.220000000000101181e+01	-2.503111556988623221e+01
-7.210000000000101750e+01	-2.496721689141791956e+01
-7.200000000000102318e+01	-2.490382249302909301e+01
-7.190000000000102887e+01	-2.484093391249263050e+01
-7.180000000000103455e+01	-2.477855269907912827e+01
-7.170000000000104023e+01	-2.471668041468037202e+01
-7.160000000000104592e+01	-2.465531863491247222e+01
-7.150000000000105160e+01	-2.459446895020084867e+01
-7.140000000000105729e+01	-2.453413296684731648e+01
-7.130000000000106297e+01	-2.447431230807987745e+01
-7.120000000000106866e+01	-2.441500861508872333e+01
-7.110000000000107434e+01	-2.435622354804589662e+01
-7.100000000000108002e+01	-2.429795878711356139e+01
-7.090000000000108571e+01	-2.424021603343862097e+01
-7.080000000000109139e+01	-2.418299701013706482e+01
-7.070000000000109708e+01	-2.412630346326796626e+01
-7.060000000000110276e+01	-2.407013716279811888e+01
-7.050000000000110845e+01	-2.401449990355868636e+01
-7.040000000000111413e+01	-2.395939350619433128e+01
-7.030000000000111982e+01	-2.390481981810714274e+01
-7.020000000000112550e+01	-2.385078071439382796e+01
-7.010000000000113118e+01	-2.379727809878033895e+01
-7.000000000000113687e+01	-2.374431390455114865e+01
-6.990000000000114255e+01	-2.369189009547771718e+01
-6.980000000000114824e+01	-2.364000866674504664e+01
-6.970000000000115392e+01	-2.358867164587699250e+01
-6.960000000000115961e+01	-2.353788109366322345e+01
-6.950000000000116529e+01	-2.348763910508557373e+01
-6.940000000000117097e+01	-2.343794781024823237e+01
-6.930000000000117666e+01	-2.338880937531045134e+01
-6.920000000000118234e+01	-2.334022600342288456e+01
-6.910000000000118803e+01	-2.329219993566934477e+01
-6.900000000000119371e+01	-2.324473345201413110e+01
-6.890000000000119940e+01	-2.319782887225584744e+01
-6.880000000000120508e+01	-2.315148855698935648e+01
-6.870000000000121076e+01	-2.310571490857632782e+01
-6.860000000000121645e+01	-2.306051037212498045e+01
-6.850000000000122213e+01	-2.301587743648034490e+01
-6.840000000000122782e+01	-2.297181863522605028e+01
-6.830000000000123350e+01	-2.292833654769911789e+01
-6.820000000000123919e+01	-2.288543380001674166e+01
-6.810000000000124487e+01	-2.284311306611949277e+01
-6.800000000000125056e+01	-2.280137706882755211e+01
-6.790000000000125624e+01	-2.276022858091548784e+01
-6.780000000000126192e+01	-2.271967042620326538e+01
-6.770000000000126761e+01	-2.267970548066671910e+01
-6.760000000000127329e+01	-2.264033667356626722e+01
-6.750000000000127898e+01	-2.260156698859815094e+01
-6.740000000000128466e+01	-2.256339946506647820e+01
-6.730000000000129035e+01	-2.252583719907840276e+01
-6.720000000000129603e+01	-2.248888334476396977e+01
-6.710000000000130171e+01	-2.245254111552117493e+01
-6.700000000000130740e+01	-2.241681378528778623e+01
-6.690000000000131308e+01	-2.238170468984151285e+01
-6.680000000000131877e+01	-2.234721722812891898e+01
-6.670000000000132445e+01	-2.231335486362551990e+01
-6.660000000000133014e+01	-2.228012112572850256e+01
-6.650000000000133582e+01	-2.224751961118172972e+01
-6.640000000000134150e+01	-2.221555398553703498e+01
-6.630000000000134719e+01	-2.218422798465184087e+01
-6.620000000000135287e+01	-2.215354541622453866e+01
-6.610000000000135856e+01	-2.212351016137058934e+01
-6.600000000000136424e+01	-2.209412617623950581e+01
-6.590000000000136993e+01	-2.206539749367574643e+01
-6.580000000000137561e+01	-2.203732822492466426e+01
-6.570000000000138130e+01	-2.200992256138510328e+01
-6.560000000000138698e+01	-2.198318477641216262e+01
-6.550000000000139266e+01	-2.195711922717011078e+01
-6.540000000000139835e+01	-2.193173035653905600e+01
-6.530000000000140403e+01	-2.190702269507725219e+01
-6.520000000000140972e+01	-2.188300086304057857e+01
-6.510000000000141540e+01	-2.185966957246326814e+01
-6.500000000000142109e+01	-2.183703362930050673e+01
-6.490000000000142677e+01	-2.181509793563631305e+01
-6.480000000000143245e+01	-2.179386749196009276e+01
-6.470000000000143814e+01	-2.177334739951358600e+01
-6.460000000000144382e+01	-2.175354286271154081e+01
-6.450000000000144951e+01	-2.173445919163959772e+01
-6.440000000000145519e+01	-2.171610180463190076e+01
-6.430000000000146088e+01	-2.169847623093232158e+01
-6.420000000000146656e+01	-2.168158811344271442e+01
-6.410000000000147224e+01	-2.166544321156139574e+01
-6.400000000000147793e+01	-2.165004740411679052e+01
-6.390000000000148361e+01	-2.163540669239853997e+01
-6.380000000000148930e+01	-2.162152720329201472e+01
-6.370000000000149498e+01	-2.160841519251998477e+01
-6.360000000000150067e+01	-2.159607704799486783e+01
-6.350000000000150635e+01	-2.158451929328890628e+01
-6.340000000000151203e+01	-2.157374859122490918e+01
-6.330000000000151772e+01	-2.156377174759419901e+01
-6.320000000000152340e+01	-2.155459571500681903e+01
-6.310000000000152909e+01	-2.154622759688054145e+01
-6.300000000000153477e+01	-2.153867465157381389e+01
-6.290000000000154046e+01	-2.153194429666967835e+01
-6.280000000000154614e+01	-2.152604411341778601e+01
-6.270000000000155183e+01	-2.152098185134082797e+01
-6.260000000000155751e+01	-2.151676543301375233e+01
-6.250000000000156319e+01	-2.151340295902290123e+01
-6.240000000000156888e+01	-2.151090271311430158e+01
-6.230000000000157456e+01	-2.150927316753876539e+01
-6.220000000000158025e+01	-2.150852298860407785e+01
-6.210000000000158593e+01	-2.150866104244365573e+01
-6.200000000000159162e+01	-2.150969640101188673e+01
-6.190000000000159730e+01	-2.151163834831670130e+01
-6.180000000000160298e+01	-2.151449638690217014e+01
-6.170000000000160867e+01	-2.151828024459108235e+01
-6.160000000000161435e+01	-2.152299988150288357e+01
-6.150000000000162004e+01	-2.152866549735779955e+01
-6.140000000000162572e+01	-2.153528753908430815e+01
-6.130000000000163141e+01	-2.154287670874229477e+01
-6.120000000000163709e+01	-2.155144397178055371e+01
-6.110000000000164277e+01	-2.156100056564351064e+01
-6.100000000000164846e+01	-2.157155800874660301e+01
-6.090000000000165414e+01	-2.158312810983871799e+01
-6.080000000000165983e+01	-2.159572297777268446e+01
-6.070000000000166551e+01	-2.160935503170385630e+01
-6.060000000000167120e+01	-2.162403701174201132e+01
-6.050000000000167688e+01	-2.163978199007819114e+01
-6.040000000000168257e+01	-2.165660338261467288e+01
-6.030000000000168825e+01	-2.167451496112420628e+01
-6.020000000000169393e+01	-2.169353086596767355e+01
-6.010000000000169962e+01	-2.171366561940244821e+01
-6.000000000000170530e+01	-2.173493413951361930e+01
-5.990000000000171099e+01	-2.175735175480373584e+01
-5.980000000000171667e+01	-2.178093421947922081e+01
-5.970000000000172236e+01	-2.180569772947323059e+01
-5.960000000000172804e+01	-2.183165893924856604e+01
-5.950000000000173372e+01	-2.185883497942598552e+01
-5.940000000000173941e+01	-2.188724347528819081e+01
-5.930000000000174509e+01	-2.191690256621100374e+01
-5.920000000000175078e+01	-2.194783092607906383e+01
-5.910000000000175646e+01	-2.198004778474608756e+01
-5.900000000000176215e+01	-2.201357295060496710e+01
-5.890000000000176783e+01	-2.204842683433681572e+01
-5.880000000000177351e+01	-2.208463047391405354e+01
-5.870000000000177920e+01	-2.212220556093829060e+01
-5.860000000000178488e+01	-2.216117446839835026e+01
-5.850000000000179057e+01	-2.220156027994281445e+01
-5.840000000000179625e+01	-2.224338682076661300e+01
-5.830000000000180194e+01	-2.228667869021984416e+01
-5.820000000000180762e+01	-2.233146129625565024e+01
-5.810000000000181331e+01	-2.237776089184277950e+01
-5.800000000000181899e+01	-2.242560461347987655e+01
-5.790000000000182467e+01	-2.247502052195734024e+01
-5.780000000000183036e+01	-2.252603764552792143e+01
-5.770000000000183604e+01	-2.257868602565784144e+01
-5.760000000000184173e+01	-2.263299676554615303e+01
-5.750000000000184741e+01	-2.268900208161637622e+01
-5.740000000000185310e+01	-2.274673535820160097e+01
-5.730000000000185878e+01	-2.280623120566364648e+01
-5.720000000000186446e+01	-2.286752552220865908e+01
-5.710000000000187015e+01	-2.293065555968581037e+01
-5.700000000000187583e+01	-2.299565999368029523e+01
-5.690000000000188152e+01	-2.306257899824220559e+01
-5.680000000000188720e+01	-2.313145432562469495e+01
-5.670000000000189289e+01	-2.320232939143948414e+01
-5.660000000000189857e+01	-2.327524936567832725e+01
-5.650000000000190425e+01	-2.335026127009249919e+01
-5.640000000000190994e+01	-2.342741408247054125e+01
-5.630000000000191562e+01	-2.350675884841044194e+01
-5.620000000000192131e+01	-2.358834880124128830e+01
-5.610000000000192699e+01	-2.367223949082026024e+01
-5.600000000000193268e+01	-2.375848892200291118e+01
-5.590000000000193836e+01	-2.384715770367559884e+01
-5.580000000000194404e+01	-2.393830920932935058e+01
-5.570000000000194973e+01	-2.403200975026732067e+01
-5.560000000000195541e+01	-2.412832876265759552e+01
-5.550000000000196110e+01	-2.422733900978192167e+01
-5.540000000000196678e+01	-2.432911680098666096e+01
-5.530000000000197247e+01	-2.443374222902043158e+01
-5.520000000000197815e+01	-2.454129942764308225e+01
-5.510000000000198384e+01	-2.465187685162200992e+01
-5.500000000000198952e+01	-2.476556758149115112e+01
-5.490000000000199520e+01	-2.488246965575100234e+01
-5.480000000000200089e+01	-2.500268643352892184e+01
-5.470000000000200657e+01	-2.512632699111587797e+01
-5.460000000000201226e+01	-2.525350655625082297e+01
-5.450000000000201794e+01	-2.538434698454968697e+01
-5.440000000000202363e+01	-2.551897728308598801e+01
-5.430000000000202931e+01	-2.565753418683782883e+01
-5.420000000000203499e+01	-2.580016279454086003e+01
-5.410000000000204068e+01	-2.594701727145134385e+01
-5.400000000000204636e+01	-2.609826162765084234e+01
-5.390000000000205205e+01	-2.625407058185554732e+01
-5.380000000000205773e+01	-2.641463052225813257e+01
-5.370000000000206342e+01	-2.658014057778426675e+01
-5.360000000000206910e+01	-2.675081381535472502e+01
-5.350000000000207478e+01	-2.692687858136802248e+01
-5.340000000000208047e+01	-2.710858000877240670e+01
-5.330000000000208615e+01	-2.729618171487942391e+01
-5.320000000000209184e+01	-2.748996771964843688e+01
-5.310000000000209752e+01	-2.769024461971886453e+01
-5.300000000000210321e+01	-2.789734406023393731e+01
-5.290000000000210889e+01	-2.811162555479483416e+01
-5.280000000000211458e+01	-2.833347971409407862e+01
-5.270000000000212026e+01	-2.856333195643735223e+01
-5.260000000000212594e+01	-2.880164678913078902e+01
-5.250000000000213163e+01	-2.904893276949178116e+01
-5.240000000000213731e+01	-2.930574827920764136e+01
-5.230000000000214300e+01	-2.957270827750804543e+01
-5.220000000000214868e+01	-2.985049223927440920e+01
-5.210000000000215437e+01	-3.013985353669588108e+01
-5.200000000000216005e+01	-3.044163059142528027e+01
-5.190000000000216573e+01	-3.075676021398203730e+01
-5.180000000000217142e+01	-3.108629366628865398e+01
-5.170000000000217710e+01	-3.143141614294415831e+01
-5.160000000000218279e+01	-3.179347058339924459e+01
-5.150000000000218847e+01	-3.217398702440260649e+01
-5.140000000000219416e+01	-3.257471911539403209e+01
-5.130000000000219984e+01	-3.299769000257980167e+01
-5.120000000000220552e+01	-3.344525062292145634e+01
-5.110000000000221121e+01	-3.392015466726346062e+01
-5.100000000000221689e+01	-3.442565628129566591e+01
-5.090000000000222258e+01	-3.496563931816271520e+01
-5.080000000000222826e+01	-3.554479121939021269e+01
-5.070000000000223395e+01	-3.616884139600573178e+01
-5.060000000000223963e+01	-3.684489513834358831e+01
-5.050000000000224532e+01	-3.758191302715425053e+01
-5.040000000000225100e+01	-3.839141925508913289e+01
-5.030000000000225668e+01	-3.928858400034506815e+01
-5.020000000000226237e+01	-4.029394518374870415e+01
-5.010000000000226805e+01	-4.143628432437127174e+01
-5.000000000000227374e+01	-4.275773061873784542e+01
-4.990000000000227942e+01	-4.432355154944413300e+01
-4.980000000000228511e+01	-4.624298106455864144e+01
-4.970000000000229079e+01	-4.872049367274235010e+01
-4.960000000000229647e+01	-5.221399310858699039e+01
-4.950000000000230216e+01	-5.817642553456229848e+01
-4.940000000000230784e+01	-9.774408146568995903e+01
-4.930000000000231353e+01	-5.833750675106625039e+01
-4.920000000000231921e+01	-5.225974767128982279e+01
-4.910000000000232490e+01	-4.871236340012934818e+01
-4.900000000000233058e+01	-4.619634271437278983e+01
-4.890000000000233626e+01	-4.424457501107962543e+01
-4.880000000000234195e+01	-4.264952148119238018e+01
-4.870000000000234763e+01	-4.130063886514876259e+01
-4.860000000000235332e+01	-4.013200849087016309e+01
-4.850000000000235900e+01	-3.910114247732047943e+01
-4.840000000000236469e+01	-3.817904688108284006e+01
-4.830000000000237037e+01	-3.734505114350492505e+01
-4.820000000000237605e+01	-3.658389899928111788e+01
-4.810000000000238174e+01	-3.588400882407078285e+01
-4.800000000000238742e+01	-3.523638103580629632e+01
-4.790000000000239311e+01	-3.463388363895438715e+01
-4.780000000000239879e+01	-3.407076898024195089e+01
-4.770000000000240448e+01	-3.354233735926746363e+01
-4.760000000000241016e+01	-3.304469699500139512e+01
-4.750000000000241585e+01	-3.257458901493070869e+01
-4.740000000000242153e+01	-3.212925741212929864e+01
-4.730000000000242721e+01	-3.170635078038450416e+01
-4.720000000000243290e+01	-3.130384694154658121e+01
-4.710000000000243858e+01	-3.091999434942248470e+01
-4.700000000000244427e+01	-3.055326597967933111e+01
-4.690000000000244995e+01	-3.020232264322504889e+01
-4.680000000000245564e+01	-2.986598350259558998e+01
-4.670000000000246132e+01	-2.954320215829649854e+01
-4.660000000000246700e+01	-2.923304708831994247e+01
-4.650000000000247269e+01	-2.893468552331418309e+01
-4.640000000000247837e+01	-2.864737005786004076e+01
-4.630000000000248406e+01	-2.837042745906002139e+01
-4.620000000000248974e+01	-2.810324925349702596e+01
-4.610000000000249543e+01	-2.784528376396091076e+01
-4.600000000000250111e+01	-2.759602933606134201e+01
-4.590000000000250679e+01	-2.735502854763027258e+01
-4.580000000000251248e+01	-2.712186323469099491e+01
-4.570000000000251816e+01	-2.689615019967395071e+01
-4.560000000000252385e+01	-2.667753749265518337e+01
-4.550000000000252953e+01	-2.646570117626676222e+01
-4.540000000000253522e+01	-2.626034250077839971e+01
-4.530000000000254090e+01	-2.606118542855903542e+01
-4.520000000000254659e+01	-2.586797445739104617e+01
-4.510000000000255227e+01	-2.568047270043855690e+01
-4.500000000000255795e+01	-2.549846018746556453e+01
-4.490000000000256364e+01	-2.532173235747334772e+01
-4.480000000000256932e+01	-2.515009871752014092e+01
-4.470000000000257501e+01	-2.498338164628739833e+01
-4.460000000000258069e+01	-2.482141532411910134e+01
-4.450000000000258638e+01	-2.466404477389938066e+01
-4.440000000000259206e+01	-2.451112499934902544e+01
-4.430000000000259774e+01	-2.436252020917874717e+01
-4.420000000000260343e+01	-2.421810311711785602e+01
-4.410000000000260911e+01	-2.407775430916091608e+01
-4.400000000000261480e+01	-2.394136167051691544e+01
-4.390000000000262048e+01	-2.380881986570646802e+01
-4.380000000000262617e+01	-2.368002986608565408e+01
-4.370000000000263185e+01	-2.355489851978147442e+01
-4.360000000000263753e+01	-2.343333815963826794e+01
-4.350000000000264322e+01	-2.331526624530271619e+01
-4.340000000000264890e+01	-2.320060503603055224e+01
-4.330000000000265459e+01	-2.308928129119617978e+01
-4.320000000000266027e+01	-2.298122599583247450e+01
-4.310000000000266596e+01	-2.287637410882675582e+01
-4.300000000000267164e+01	-2.277466433166518556e+01
-4.290000000000267733e+01	-2.267603889584636434e+01
-4.280000000000268301e+01	-2.258044336728817214e+01
-4.270000000000268869e+01	-2.248782646623174486e+01
-4.260000000000269438e+01	-2.239813990130092947e+01
-4.250000000000270006e+01	-2.231133821651799209e+01
-4.240000000000270575e+01	-2.222737865019691483e+01
-4.230000000000271143e+01	-2.214622100474650068e+01
-4.220000000000271712e+01	-2.206782752651297841e+01
-4.210000000000272280e+01	-2.199216279487672310e+01
-4.200000000000272848e+01	-2.191919361989821269e+01
-4.190000000000273417e+01	-2.184888894787436087e+01
-4.180000000000273985e+01	-2.178121977423138844e+01
-4.170000000000274554e+01	-2.171615906323474832e+01
-4.160000000000275122e+01	-2.165368167404716360e+01
-4.150000000000275691e+01	-2.159376429271192777e+01
-4.140000000000276259e+01	-2.153638536967896044e+01
-4.130000000000276827e+01	-2.148152506252994343e+01
-4.120000000000277396e+01	-2.142916518359052702e+01
-4.110000000000277964e+01	-2.137928915215101711e+01
-4.100000000000278533e+01	-2.133188195104398233e+01
-4.090000000000279101e+01	-2.128693008735354297e+01
-4.080000000000279670e+01	-2.124442155705551016e+01
-4.070000000000280238e+01	-2.120434581340914448e+01
-4.060000000000280806e+01	-2.116669373894346862e+01
-4.050000000000281375e+01	-2.113145762089748558e+01
-4.040000000000281943e+01	-2.109863112999583379e+01
-4.030000000000282512e+01	-2.106820930245437395e+01
-4.020000000000283080e+01	-2.104018852513001292e+01
-4.010000000000283649e+01	-2.101456652374166012e+01
-4.000000000000284217e+01	-2.099134235410669191e+01
-3.990000000000284786e+01	-2.097051639634903353e+01
-3.980000000000285354e+01	-2.095209035205262182e+01
-3.970000000000285922e+01	-2.093606724434415867e+01
-3.960000000000286491e+01	-2.092245142090537513e+01
-3.950000000000287059e+01	-2.091124855992763187e+01
-3.940000000000287628e+01	-2.090246567903676578e+01
-3.930000000000288196e+01	-2.089611114722832497e+01
-3.920000000000288765e+01	-2.089219469986921851e+01
-3.910000000000289333e+01	-2.089072745683660060e+01
-3.900000000000289901e+01	-2.089172194387944970e+01
-3.890000000000290470e+01	-2.089519211730520709e+01
-3.880000000000291038e+01	-2.090115339211073930e+01
-3.870000000000291607e+01	-2.090962267369445016e+01
-3.860000000000292175e+01	-2.092061839330643735e+01
-3.850000000000292744e+01	-2.093416054741289756e+01
-3.840000000000293312e+01	-2.095027074117508903e+01
-3.830000000000293880e+01	-2.096897223626378803e+01
-3.820000000000294449e+01	-2.099029000326026306e+01
-3.810000000000295017e+01	-2.101425077891886417e+01
-3.800000000000295586e+01	-2.104088312860032417e+01
-3.790000000000296154e+01	-2.107021751421607192e+01
-3.780000000000296723e+01	-2.110228636806309055e+01
-3.770000000000297291e+01	-2.113712417296751767e+01
-3.760000000000297860e+01	-2.117476754920219051e+01
-3.750000000000298428e+01	-2.121525534869156360e+01
-3.740000000000298996e+01	-2.125862875707454691e+01
-3.730000000000299565e+01	-2.130493140425476639e+01
-3.720000000000300133e+01	-2.135420948413961995e+01
-3.710000000000300702e+01	-2.140651188434371477e+01
-3.700000000000301270e+01	-2.146189032671871644e+01
-3.690000000000301839e+01	-2.152039951966839837e+01
-3.680000000000302407e+01	-2.158209732331534525e+01
-3.670000000000302975e+01	-2.164704492870768959e+01
-3.660000000000303544e+01	-2.171530705239159431e+01
-3.650000000000304112e+01	-2.178695214783139278e+01
-3.640000000000304681e+01	-2.186205263533433651e+01
-3.630000000000305249e+01	-2.194068515233817607e+01
-3.620000000000305818e+01	-2.202293082614689368e+01
-3.610000000000306386e+01	-2.210887557146043036e+01
-3.600000000000306954e+01	-2.219861041534051083e+01
-3.590000000000307523e+01	-2.229223185259716544e+01
-3.580000000000308091e+01	-2.238984223496962755e+01
-3.570000000000308660e+01	-2.249155019792814159e+01
-3.560000000000309228e+01	-2.259747112944337033e+01
-3.550000000000309797e+01	-2.270772768567230671e+01
-3.540000000000310365e+01	-2.282245035921192056e+01
-3.530000000000310934e+01	-2.294177810638469595e+01
-3.520000000000311502e+01	-2.306585904097469353e+01
-3.510000000000312070e+01	-2.319485120294963565e+01
-3.500000000000312639e+01	-2.332892341201267428e+01
-3.490000000000313207e+01	-2.346825621738044987e+01
-3.480000000000313776e+01	-2.361304295701081202e+01
-3.470000000000314344e+01	-2.376349094168210740e+01
-3.460000000000314913e+01	-2.391982278191887445e+01
-3.450000000000315481e+01	-2.408227787886454863e+01
-3.440000000000316049e+01	-2.425111410393648015e+01
-3.430000000000316618e+01	-2.442660969660525794e+01
-3.420000000000317186e+01	-2.460906541510794199e+01
-3.410000000000317755e+01	-2.479880698157100483e+01
-3.400000000000318323e+01	-2.499618787117830365e+01
-3.390000000000318892e+01	-2.520159250507339976e+01
-3.380000000000319460e+01	-2.541543991913316702e+01
-3.370000000000320028e+01	-2.563818799625200739e+01
-3.360000000000320597e+01	-2.587033836921481011e+01
-3.350000000000321165e+01	-2.611244212575255119e+01
-3.340000000000321734e+01	-2.636510647853803491e+01
-3.330000000000322302e+01	-2.662900260275268494e+01
-3.320000000000322871e+01	-2.690487489532306853e+01
-3.310000000000323439e+01	-2.719355197687410453e+01
-3.300000000000324007e+01	-2.749595984536075832e+01
-3.290000000000324576e+01	-2.781313770688619513e+01
-3.280000000000325144e+01	-2.814625716533295829e+01
-3.270000000000325713e+01	-2.849664566391984621e+01
-3.260000000000326281e+01	-2.886581536176848672e+01
-3.250000000000326850e+01	-2.925549903137396512e+01
-3.240000000000327418e+01	-2.966769513049222695e+01
-3.230000000000327987e+01	-3.010472501430253800e+01
-3.220000000000328555e+01	-3.056930643633321765e+01
-3.210000000000329123e+01	-3.106464924090652602e+01
-3.200000000000329692e+01	-3.159458180675625272e+01
-3.190000000000330260e+01	-3.216372091960932522e+01
-3.180000000000330829e+01	-3.277770430216877173e+01
-3.170000000000331397e+01	-3.344351575932372356e+01
-3.160000000000331966e+01	-3.416995106529849835e+01
-3.150000000000332534e+01	-3.496830468630782462e+01
-3.140000000000333102e+01	-3.585341623367023089e+01
-3.130000000000333671e+01	-3.684532952262733829e+01
-3.120000000000334239e+01	-3.797205235823467717e+01
-3.110000000000334808e+01	-3.927442940495567569e+01
-3.100000000000335376e+01	-4.081542679365313120e+01
-3.090000000000335945e+01	-4.269970435499090655e+01
-3.080000000000336513e+01	-4.512116159741401589e+01
-3.070000000000337081e+01	-4.850647613181298112e+01
-3.060000000000337650e+01	-5.415816029460680170e+01
-3.050000000000338218e+01	-7.607235108236049825e+01
-3.040000000000338787e+01	-5.564991630902110842e+01
-3.030000000000339355e+01	-4.921375026155432408e+01
-3.020000000000339924e+01	-4.555122272610866929e+01
-3.010000000000340492e+01	-4.297888321712790827e+01
-3.000000000000341061e+01	-4.099422335469873246e+01
-2.990000000000341629e+01	-3.937810162813639181e+01
-2.980000000000342197e+01	-3.801504936656655076e+01
-2.970000000000342766e+01	-3.683670057557884547e+01
-2.960000000000343334e+01	-3.579921388900088175e+01
-2.950000000000343903e+01	-3.487278613713829145e+01
-2.940000000000344471e+01	-3.403623333589259659e+01
-2.930000000000345040e+01	-3.327395787890394985e+01
-2.920000000000345608e+01	-3.257414248622606578e+01
-2.910000000000346176e+01	-3.192761976433975235e+01
-2.900000000000346745e+01	-3.132713509606359281e+01
-2.890000000000347313e+01	-3.076684926414259280e+01
-2.880000000000347882e+01	-3.024199293266679689e+01
-2.870000000000348450e+01	-2.974862053644799431e+01
-2.860000000000349019e+01	-2.928343111779810570e+01
-2.850000000000349587e+01	-2.884363538070394029e+01
-2.840000000000350155e+01	-2.842685535511264661e+01
-2.830000000000350724e+01	-2.803104752019420332e+01
-2.820000000000351292e+01	-2.765444309808957968e+01
-2.810000000000351861e+01	-2.729550111251586486e+01
-2.800000000000352429e+01	-2.695287107150758033e+01
-2.790000000000352998e+01	-2.662536299974149756e+01
-2.780000000000353566e+01	-2.631192314936589227e+01
-2.770000000000354134e+01	-2.601161414541464012e+01
-2.760000000000354703e+01	-2.572359862864153612e+01
-2.750000000000355271e+01	-2.544712568184370127e+01
-2.740000000000355840e+01	-2.518151949020477431e+01
-2.730000000000356408e+01	-2.492616980872539756e+01
-2.720000000000356977e+01	-2.468052390208274360e+01
-2.710000000000357545e+01	-2.444407969241745349e+01
-2.700000000000358114e+01	-2.421637990439010224e+01
-2.690000000000358682e+01	-2.399700703851430461e+01
-2.680000000000359250e+01	-2.378557903628502501e+01
-2.670000000000359819e+01	-2.358174552617113306e+01
-2.660000000000360387e+01	-2.338518455977140320e+01
-2.650000000000360956e+01	-2.319559976355317588e+01
-2.640000000000361524e+01	-2.301271784452067948e+01
-2.630000000000362093e+01	-2.283628639859075093e+01
-2.620000000000362661e+01	-2.266607197891373104e+01
-2.610000000000363229e+01	-2.250185838828077323e+01
-2.600000000000363798e+01	-2.234344516541801440e+01
-2.590000000000364366e+01	-2.219064623962699301e+01
-2.580000000000364935e+01	-2.204328873209300355e+01
-2.570000000000365503e+01	-2.190121188538618213e+01
-2.560000000000366072e+01	-2.176426610536171680e+01
-2.550000000000366640e+01	-2.163231210190665621e+01
-2.540000000000367208e+01	-2.150522011687138502e+01
-2.530000000000367777e+01	-2.138286922911849786e+01
-2.520000000000368345e+01	-2.126514672797276262e+01
-2.510000000000368914e+01	-2.115194754750757156e+01
-2.500000000000369482e+01	-2.104317375508358623e+01
-2.490000000000370051e+01	-2.093873408839566608e+01
-2.480000000000370619e+01	-2.083854353600690246e+01
-2.470000000000371188e+01	-2.074252295696944159e+01
-2.460000000000371756e+01	-2.065059873566973181e+01
-2.450000000000372324e+01	-2.056270246850206718e+01
-2.440000000000372893e+01	-2.047877067937853468e+01
-2.430000000000373461e+01	-2.039874456143785864e+01
-2.420000000000374030e+01	-2.032256974262320171e+01
-2.410000000000374598e+01	-2.025019607307180536e+01
-2.400000000000375167e+01	-2.018157743249602021e+01
-2.390000000000375735e+01	-2.011667155594776801e+01
-2.380000000000376303e+01	-2.005543987654386484e+01
-2.370000000000376872e+01	-1.999784738389656624e+01
-2.360000000000377440e+01	-1.994386249714122172e+01
-2.350000000000378009e+01	-1.989345695158657179e+01
-2.340000000000378577e+01	-1.984660569813266306e+01
-2.330000000000379146e+01	-1.980328681470967922e+01
-2.320000000000379714e+01	-1.976348142909014527e+01
-2.310000000000380282e+01	-1.972717365251722299e+01
-2.300000000000380851e+01	-1.969435052367574457e+01
-2.290000000000381419e+01	-1.966500196260957267e+01
-2.280000000000381988e+01	-1.963912073426286398e+01
-2.270000000000382556e+01	-1.961670242139093290e+01
-2.260000000000383125e+01	-1.959774540665249276e+01
-2.250000000000383693e+01	-1.958225086375947654e+01
-2.240000000000384262e+01	-1.957022275762189878e+01
-2.230000000000384830e+01	-1.956166785348744241e+01
-2.220000000000385398e+01	-1.955659573513693772e+01
-2.210000000000385967e+01	-1.955501883225857185e+01
-2.200000000000386535e+01	-1.955695245718830932e+01
-2.190000000000387104e+01	-1.956241485126872703e+01
-2.180000000000387672e+01	-1.957142724114887500e+01
-2.170000000000388241e+01	-1.958401390541864728e+01
-2.160000000000388809e+01	-1.960020225205116517e+01
-2.150000000000389377e+01	-1.962002290720738884e+01
-2.140000000000389946e+01	-1.964350981604991375e+01
-2.130000000000390514e+01	-1.967070035631036617e+01
-2.120000000000391083e+01	-1.970163546546260847e+01
-2.110000000000391651e+01	-1.973635978247515510e+01
-2.100000000000392220e+01	-1.977492180524665599e+01
-2.090000000000392788e+01	-1.981737406497855147e+01
-2.080000000000393356e+01	-1.986377331890224340e+01
-2.070000000000393925e+01	-1.991418076296673689e+01
-2.060000000000394493e+01	-1.996866226630051955e+01
-2.050000000000395062e+01	-2.002728862950164768e+01
-2.040000000000395630e+01	-2.009013586907869708e+01
-2.030000000000396199e+01	-2.015728553067336293e+01
-2.020000000000396767e+01	-2.022882503404946419e+01
-2.010000000000397335e+01	-2.030484805323440867e+01
-2.000000000000397904e+01	-2.038545493566606837e+01
-1.990000000000398472e+01	-2.047075316473152995e+01
-1.980000000000399041e+01	-2.056085787070650284e+01
-1.970000000000399609e+01	-2.065589239582142511e+01
-1.960000000000400178e+01	-2.075598892001915274e+01
-1.950000000000400746e+01	-2.086128915494696656e+01
-1.940000000000401315e+01	-2.097194511487149171e+01
-1.930000000000401883e+01	-2.108811997455202558e+01
-1.920000000000402451e+01	-2.120998902569778011e+01
-1.910000000000403020e+01	-2.133774074551540423e+01
-1.900000000000403588e+01	-2.147157799308889992e+01
-1.890000000000404157e+01	-2.161171935200181693e+01
-1.880000000000404725e+01	-2.175840064080536962e+01
-1.870000000000405294e+01	-2.191187661677896159e+01
-1.860000000000405862e+01	-2.207242290307175381e+01
-1.850000000000406430e+01	-2.224033817494853338e+01
-1.840000000000406999e+01	-2.241594664773349876e+01
-1.830000000000407567e+01	-2.259960091747112543e+01
-1.820000000000408136e+01	-2.279168521570253603e+01
-1.810000000000408704e+01	-2.299261915262308520e+01
-1.800000000000409273e+01	-2.320286203892855070e+01
-1.790000000000409841e+01	-2.342291789678245451e+01
-1.780000000000410409e+01	-2.365334129575877498e+01
-1.770000000000410978e+01	-2.389474418194683736e+01
-1.760000000000411546e+01	-2.414780390984432401e+01
-1.750000000000412115e+01	-2.441327274019565863e+01
-1.740000000000412683e+01	-2.469198913668024886e+01
-1.730000000000413252e+01	-2.498489128606090404e+01
-1.720000000000413820e+01	-2.529303338816698954e+01
-1.710000000000414389e+01	-2.561760542546483777e+01
-1.700000000000414957e+01	-2.595995734367882335e+01
-1.690000000000415525e+01	-2.632162887950157071e+01
-1.680000000000416094e+01	-2.670438669542116727e+01
-1.670000000000416662e+01	-2.711027108050387824e+01
-1.660000000000417231e+01	-2.754165533511468311e+01
-1.650000000000417799e+01	-2.800132221172469116e+01
-1.640000000000418368e+01	-2.849256364999026658e+01
-1.630000000000418936e+01	-2.901931287996902853e+01
-1.620000000000419504e+01	-2.958632237909116114e+01
-1.610000000000420073e+01	-3.019940821590757807e+01
-1.600000000000420641e+01	-3.086579291203420894e+01
-1.590000000000421210e+01	-3.159459870197541420e+01
-1.580000000000421778e+01	-3.239757803684472748e+01
-1.570000000000422347e+01	-3.329023297515377067e+01
-1.560000000000422915e+01	-3.429360181725166257e+01
-1.550000000000423483e+01	-3.543725566890134360e+01
-1.540000000000424052e+01	-3.676464449621899178e+01
-1.530000000000424620e+01	-3.834342169893130858e+01
-1.520000000000425189e+01	-4.028761279975353204e+01
-1.510000000000425757e+01	-4.281293621056146748e+01
-1.500000000000426326e+01	-4.641135131701673089e+01
-1.490000000000426894e+01	-5.271006591195293822e+01
-1.480000000000427463e+01	-7.584038322275590360e+01
-1.470000000000428031e+01	-5.154378325671025607e+01
-1.460000000000428599e+01	-4.577733793466953927e+01
-1.450000000000429168e+01	-4.233315019237063836e+01
-1.440000000000429736e+01	-3.986776011491874527e+01
-1.430000000000430305e+01	-3.794581405210139025e+01
-1.420000000000430873e+01	-3.637045140950385758e+01
-1.410000000000431442e+01	-3.503572802946231235e+01
-1.400000000000432010e+01	-3.387803216326001632e+01
-1.390000000000432578e+01	-3.285616042674024584e+01
-1.380000000000433147e+01	-3.194189087810059746e+01
-1.370000000000433715e+01	-3.111504492852738935e+01
-1.360000000000434284e+01	-3.036069474286060910e+01
-1.350000000000434852e+01	-2.966748642564988359e+01
-1.340000000000435421e+01	-2.902658338281601047e+01
-1.330000000000435989e+01	-2.843097346894512967e+01
-1.320000000000436557e+01	-2.787499925959092906e+01
-1.310000000000437126e+01	-2.735403041654730671e+01
-1.300000000000437694e+01	-2.686422949626483003e+01
-1.290000000000438263e+01	-2.640238093984833512e+01
-1.280000000000438831e+01	-2.596576383350181771e+01
-1.270000000000439400e+01	-2.555205564828697007e+01
-1.260000000000439968e+01	-2.515925832727344513e+01
-1.250000000000440536e+01	-2.478564077011368383e+01
-1.240000000000441105e+01	-2.442969353504112462e+01
-1.230000000000441673e+01	-2.409009277096913948e+01
-1.220000000000442242e+01	-2.376567121131138904e+01
-1.210000000000442810e+01	-2.345539463315325435e+01
-1.200000000000443379e+01	-2.315834259120873284e+01
-1.190000000000443947e+01	-2.287369252802996655e+01
-1.180000000000444516e+01	-2.260070657486820522e+01
-1.170000000000445084e+01	-2.233872051473378662e+01
-1.160000000000445652e+01	-2.208713449648923444e+01
-1.150000000000446221e+01	-2.184540517725859132e+01
-1.140000000000446789e+01	-2.161303903778955871e+01
-1.130000000000447358e+01	-2.138958666715943480e+01
-1.120000000000447926e+01	-2.117463785331887749e+01
-1.110000000000448495e+01	-2.096781734729447777e+01
-1.100000000000449063e+01	-2.076878119352052465e+01
-1.090000000000449631e+01	-2.057721353830554634e+01
-1.080000000000450200e+01	-2.039282384402199355e+01
-1.070000000000450768e+01	-2.021534444911700845e+01
-1.060000000000451337e+01	-2.004452842414213976e+01
-1.050000000000451905e+01	-1.988014768220314465e+01
-1.040000000000452474e+01	-1.972199130892572683e+01
-1.030000000000453042e+01	-1.956986408252843290e+01
-1.020000000000453610e+01	-1.942358515912301442e+01
-1.010000000000454179e+01	-1.928298690211547850e+01
-1.000000000000454747e+01	-1.914791383770197797e+01
-9.900000000004553158e+00	-1.901822172106296094e+01
-9.800000000004558842e+00	-1.889377670004630971e+01
-9.700000000004564527e+00	-1.877445456497365583e+01
-9.600000000004570211e+00	-1.866014007476195147e+01
-9.500000000004575895e+00	-1.855072635087448063e+01
-9.400000000004581580e+00	-1.844611433174152282e+01
-9.300000000004587264e+00	-1.834621228125317316e+01
-9.200000000004592948e+00	-1.825093534575173493e+01
-9.100000000004598633e+00	-1.816020515466192720e+01
-9.000000000004604317e+00	-1.807394946050972351e+01
-8.900000000004610001e+00	-1.799210181461270253e+01
-8.800000000004615686e+00	-1.791460127518629619e+01
-8.700000000004621370e+00	-1.784139214501481163e+01
-8.600000000004627054e+00	-1.777242373618862814e+01
-8.500000000004632739e+00	-1.770765015972064660e+01
-8.400000000004638423e+00	-1.764703013813021215e+01
-8.300000000004644107e+00	-1.759052683932608119e+01
-8.200000000004649792e+00	-1.753810773033936243e+01
-8.100000000004655476e+00	-1.748974444965170250e+01
-8.000000000004661160e+00	-1.744541269704181730e+01
-7.900000000004666845e+00	-1.740509214003447269e+01
-7.800000000004672529e+00	-1.736876633618338772e+01
-7.700000000004678213e+00	-1.733642267055696706e+01
-7.600000000004683898e+00	-1.730805230792340410e+01
-7.500000000004689582e+00	-1.728365015925280801e+01
-7.400000000004695266e+00	-1.726321486227008251e+01
-7.300000000004700951e+00	-1.724674877590375033e+01
-7.200000000004706635e+00	-1.723425798858684743e+01
-7.100000000004712319e+00	-1.722575234047423720e+01
-7.000000000004718004e+00	-1.722124545975247401e+01
-6.900000000004723688e+00	-1.722075481332957736e+01
-6.800000000004729372e+00	-1.722430177230970472e+01
-6.700000000004735057e+00	-1.723191169277941981e+01
-6.600000000004740741e+00	-1.724361401256208381e+01
-6.500000000004746425e+00	-1.725944236473536364e+01
-6.400000000004752110e+00	-1.727943470885717403e+01
-6.300000000004757794e+00	-1.730363348100923915e+01
-6.200000000004763479e+00	-1.733208576394748590e+01
-6.100000000004769163e+00	-1.736484347884847423e+01
-6.000000000004774847e+00	-1.740196360036311773e+01
-5.900000000004780532e+00	-1.744350839693922950e+01
-5.800000000004786216e+00	-1.748954569865516007e+01
-5.700000000004791900e+00	-1.754014919512570003e+01
-5.600000000004797585e+00	-1.759539876640337752e+01
-5.500000000004803269e+00	-1.765538085021265857e+01
-5.400000000004808953e+00	-1.772018884932798244e+01
-5.300000000004814638e+00	-1.778992358345316660e+01
-5.200000000004820322e+00	-1.786469379058944185e+01
-5.100000000004826006e+00	-1.794461668360966300e+01
-5.000000000004831691e+00	-1.802981856860539978e+01
-4.900000000004837375e+00	-1.812043553256443573e+01
-4.800000000004843059e+00	-1.821661420909588003e+01
-4.700000000004848744e+00	-1.831851263228339377e+01
-4.600000000004854428e+00	-1.842630119035442249e+01
-4.500000000004860112e+00	-1.854016369275565523e+01
-4.400000000004865797e+00	-1.866029856648555452e+01
-4.300000000004871481e+00	-1.878692020023186871e+01
-4.200000000004877165e+00	-1.892026045809156543e+01
-4.100000000004882850e+00	-1.906057038853631980e+01
-4.000000000004888534e+00	-1.920812215898178721e+01
-3.900000000004894218e+00	-1.936321125201795113e+01
-3.800000000004899903e+00	-1.952615896630999615e+01
-3.700000000004905587e+00	-1.969731527370428026e+01
-3.600000000004911271e+00	-1.987706209458218964e+01
-3.500000000004916956e+00	-2.006581706653286545e+01
-3.400000000004922640e+00	-2.026403789766423458e+01
-3.300000000004928324e+00	-2.047222741626536902e+01
-3.200000000004934009e+00	-2.069093945429972337e+01
-3.100000000004939693e+00	-2.092078573499813388e+01
-3.000000000004945377e+00	-2.116244397685850842e+01
-2.900000000004951062e+00	-2.141666748069339832e+01
-2.800000000004956746e+00	-2.168429653719257644e+01
-2.700000000004962430e+00	-2.196627208564401457e+01
-2.600000000004968115e+00	-2.226365217824222498e+01
-2.500000000004973799e+00	-2.257763197060848626e+01
-2.400000000004979483e+00	-2.290956818483214619e+01
-2.300000000004985168e+00	-2.326100930160055213e+01
-2.200000000004990852e+00	-2.363373317023008013e+01
-2.100000000004996537e+00	-2.402979433640215134e+01
-2.000000000005002221e+00	-2.445158426485953385e+01
-1.900000000005007905e+00	-2.490190891653377037e+01
-1.800000000005013590e+00	-2.538409004953459913e+01
-1.700000000005019274e+00	-2.590209951954829393e+01
-1.600000000005024958e+00	-2.646074038297968656e+01
-1.500000000005030643e+00	-2.706589585050718227e+01
-1.400000000005036327e+00	-2.772487908292777803e+01
-1.300000000005042011e+00	-2.844693720059892073e+01
-1.200000000005047696e+00	-2.924399904871394540e+01
-1.100000000005053380e+00	-3.013182347967915575e+01
-1.000000000005059064e+00	-3.113183680608031878e+01
-9.000000000050647486e-01	-3.227422433437210714e+01
-8.000000000050704330e-01	-3.360346786983055267e+01
-7.000000000050761173e-01	-3.518909587528295901e+01
-6.000000000050818016e-01	-3.714893146777361466e+01
-5.000000000050874860e-01	-3.970772088575522929e+01
-4.000000000050931703e-01	-4.338540203597997902e+01
-3.000000000050988547e-01	-4.996072781793039042e+01
-2.000000000051045390e-01	-6.706988398714624111e+01
-1.000000000051102234e-01	-4.777517736891969946e+01
-5.115907697472721338e-12	-4.221511647594775241e+01
9.999999999487840796e-02	-3.883745614069724894e+01
1.999999999948727236e-01	-3.640126526248318584e+01
2.999999999948670393e-01	-3.449319188628817301e+01
3.999999999948613549e-01	-3.292393230961124573e+01
4.999999999948556706e-01	-3.159083669663519700e+01
5.999999999948499863e-01	-3.043195847410127897e+01
6.999999999948443019e-01	-2.940702609160662462e+01
7.999999999948386176e-01	-2.848837938799195868e+01
8.999999999948329332e-01	-2.765619829968464671e+01
9.999999999948272489e-01	-2.689579430361687784e+01
1.099999999994821565e+00	-2.619597913309078407e+01
1.199999999994815880e+00	-2.554803428548416377e+01
1.299999999994810196e+00	-2.494503392162996747e+01
1.399999999994804512e+00	-2.438138501722066920e+01
1.499999999994798827e+00	-2.385250613928026553e+01
1.599999999994793143e+00	-2.335459753955157680e+01
1.699999999994787458e+00	-2.288447308275532066e+01
1.799999999994781774e+00	-2.243943506775017838e+01
1.899999999994776090e+00	-2.201717944168530749e+01
1.999999999994770405e+00	-2.161572296099505053e+01
2.099999999994764721e+00	-2.123334647068720926e+01
2.199999999994759037e+00	-2.086855020302481378e+01
2.299999999994753352e+00	-2.052001816352419183e+01
2.399999999994747668e+00	-2.018658947419829275e+01
2.499999999994741984e+00	-1.986723510467098919e+01
2.599999999994736299e+00	-1.956103881990554783e+01
2.699999999994730615e+00	-1.926718146001363507e+01
2.799999999994724931e+00	-1.898492787682097926e+01
2.899999999994719246e+00	-1.871361600637117206e+01
2.999999999994713562e+00	-1.845264767193128108e+01
3.099999999994707878e+00	-1.820148079912824102e+01
3.199999999994702193e+00	-1.795962279117790672e+01
3.299999999994696509e+00	-1.772662486316493968e+01
3.399999999994690825e+00	-1.750207717386633277e+01
3.499999999994685140e+00	-1.728560462450666435e+01
3.599999999994679456e+00	-1.707686321815376118e+01
3.699999999994673772e+00	-1.687553689274523805e+01
3.799999999994668087e+00	-1.668133475612280847e+01
3.899999999994662403e+00	-1.649398866380691686e+01
3.999999999994656719e+00	-1.631325109022446895e+01
4.099999999994651034e+00	-1.613889325220901583e+01
4.199999999994645350e+00	-1.597070345021289839e+01
4.299999999994639666e+00	-1.580848559810440079e+01
4.399999999994633981e+00	-1.565205791690383030e+01
4.499999999994628297e+00	-1.550125177152526135e+01
4.599999999994622613e+00	-1.535591063268027057e+01
4.699999999994616928e+00	-1.521588914868208953e+01
4.799999999994611244e+00	-1.508105231405542135e+01
4.899999999994605560e+00	-1.495127472368205446e+01
4.999999999994599875e+00	-1.482643990275629875e+01
5.099999999994594191e+00	-1.470643970413416213e+01
5.199999999994588507e+00	-1.459117376577579250e+01
5.299999999994582822e+00	-1.448054902193504034e+01
5.399999999994577138e+00	-1.437447926256789010e+01
5.499999999994571453e+00	-1.427288473613583974e+01
5.599999999994565769e+00	-1.417569179158891046e+01
5.699999999994560085e+00	-1.408283255583985039e+01
5.799999999994554400e+00	-1.399424464350035535e+01
5.899999999994548716e+00	-1.390987089605011384e+01
5.999999999994543032e+00	-1.382965914796118234e+01
6.099999999994537347e+00	-1.375356201760875585e+01
6.199999999994531663e+00	-1.368153672107305496e+01
6.299999999994525979e+00	-1.361354490717966925e+01
6.399999999994520294e+00	-1.354955251234256686e+01
6.499999999994514610e+00	-1.348952963396911287e+01
6.599999999994508926e+00	-1.343345042136223100e+01
6.699999999994503241e+00	-1.338129298321596750e+01
6.799999999994497557e+00	-1.333303931094781092e+01
6.899999999994491873e+00	-1.328867521724816214e+01
6.999999999994486188e+00	-1.324819028935521104e+01
7.099999999994480504e+00	-1.321157785668475526e+01
7.199999999994474820e+00	-1.317883497256072545e+01
7.299999999994469135e+00	-1.314996240990454268e+01
7.399999999994463451e+00	-1.312496467085252050e+01
7.499999999994457767e+00	-1.310385001038045161e+01
7.599999999994452082e+00	-1.308663047412618141e+01
7.699999999994446398e+00	-1.307332195071473180e+01
7.799999999994440714e+00	-1.306394423900900037e+01
7.899999999994435029e+00	-1.305852113083259169e+01
7.999999999994429345e+00	-1.305708050984359758e+01
8.099999999994423661e+00	-1.305965446737888769e+01
8.199999999994417976e+00	-1.306627943624166299e+01
8.299999999994412292e+00	-1.307699634357238949e+01
8.399999999994406608e+00	-1.309185078412685677e+01
8.499999999994400923e+00	-1.311089321548988096e+01
8.599999999994395239e+00	-1.313417917698047788e+01
8.699999999994389555e+00	-1.316176953426031027e+01
8.799999999994383870e+00	-1.319373075194546274e+01
8.899999999994378186e+00	-1.323013519684865003e+01
8.999999999994372502e+00	-1.327106147485061527e+01
9.099999999994366817e+00	-1.331659480482502289e+01
9.199999999994361133e+00	-1.336682743352835878e+01
9.299999999994355449e+00	-1.342185909592835635e+01
9.399999999994349764e+00	-1.348179752609272875e+01
9.499999999994344080e+00	-1.354675902451268144e+01
9.599999999994338395e+00	-1.361686908861078393e+01
9.699999999994332711e+00	-1.369226311420473507e+01
9.799999999994327027e+00	-1.377308717689616913e+01
9.899999999994321342e+00	-1.385949890376128479e+01
9.999999999994315658e+00	-1.395166844738213108e+01
1.009999999999430997e+01	-1.404977957622504192e+01
1.019999999999430429e+01	-1.415403089771352185e+01
1.029999999999429861e+01	-1.426463723313674947e+01
1.039999999999429292e+01	-1.438183116688425400e+01
1.049999999999428724e+01	-1.450586479653027006e+01
1.059999999999428155e+01	-1.463701171516814981e+01
1.069999999999427587e+01	-1.477556926332142950e+01
1.079999999999427018e+01	-1.492186109499435531e+01
1.089999999999426450e+01	-1.507624011130688224e+01
1.099999999999425881e+01	-1.523909182611996371e+01
1.109999999999425313e+01	-1.541083824166261884e+01
1.119999999999424745e+01	-1.559194232916041045e+01
1.129999999999424176e+01	-1.578291323081573694e+01
1.139999999999423608e+01	-1.598431232650294120e+01
1.149999999999423039e+01	-1.619676034296592348e+01
1.159999999999422471e+01	-1.642094572751047110e+01
1.169999999999421902e+01	-1.665763456541059639e+01
1.179999999999421334e+01	-1.690768239497874958e+01
1.189999999999420766e+01	-1.717204837274764628e+01
1.199999999999420197e+01	-1.745181237233385119e+01
1.209999999999419629e+01	-1.774819577698373152e+01
1.219999999999419060e+01	-1.806258696595304514e+01
1.229999999999418492e+01	-1.839657282586039244e+01
1.239999999999417923e+01	-1.875197808056502069e+01
1.249999999999417355e+01	-1.913091488873509149e+01
1.259999999999416787e+01	-1.953584610293828661e+01
1.269999999999416218e+01	-1.996966696957430543e+01
1.279999999999415650e+01	-2.043581212111248391e+01
1.289999999999415081e+01	-2.093839787917580253e+01
1.299999999999414513e+01	-2.148241484623912712e+01
1.309999999999413944e+01	-2.207399374339271247e+01
1.319999999999413376e+01	-2.272078069314403592e+01
1.329999999999412807e+01	-2.343248090643048442e+01
1.339999999999412239e+01	-2.422167047642340165e+01
1.349999999999411671e+01	-2.510505246231875631e+01
1.359999999999411102e+01	-2.610548531966102814e+01
1.369999999999410534e+01	-2.725543451226909752e+01
1.379999999999409965e+01	-2.860324414139971338e+01
1.389999999999409397e+01	-3.022554358035789335e+01
1.399999999999408828e+01	-3.225478475205631668e+01
1.409999999999408260e+01	-3.495143678344810212e+01
1.419999999999407692e+01	-3.895173773230151681e+01
1.429999999999407123e+01	-4.675495789219642973e+01
1.439999999999406555e+01	-5.322944353616364310e+01
1.449999999999405986e+01	-4.087569725712816648e+01
1.459999999999405418e+01	-3.592529713537528124e+01
1.469999999999404849e+01	-3.276033497712904108e+01
1.479999999999404281e+01	-3.042213456463043642e+01
1.489999999999403713e+01	-2.856308599168391282e+01
1.499999999999403144e+01	-2.701732418382816547e+01
1.509999999999402576e+01	-2.569264512540119938e+01
1.519999999999402007e+01	-2.453246079029489835e+01
1.529999999999401439e+01	-2.349953021542056320e+01
1.539999999999400870e+01	-2.256803487915678375e+01
1.549999999999400302e+01	-2.171933722859328952e+01
1.559999999999399733e+01	-2.093954176989254989e+01
1.569999999999399165e+01	-2.021801103780562769e+01
1.579999999999398597e+01	-1.954642021881972980e+01
1.589999999999398028e+01	-1.891813160837866192e+01
1.599999999999397460e+01	-1.832776724554157255e+01
1.609999999999396891e+01	-1.777090885225604566e+01
1.619999999999396323e+01	-1.724388211838358842e+01
1.629999999999395754e+01	-1.674359838933413869e+01
1.639999999999395186e+01	-1.626743634869146504e+01
1.649999999999394618e+01	-1.581315215180124412e+01
1.659999999999394049e+01	-1.537881017588974331e+01
1.669999999999393481e+01	-1.496272895911949341e+01
1.679999999999392912e+01	-1.456343849819260328e+01
1.689999999999392344e+01	-1.417964615575706588e+01
1.699999999999391775e+01	-1.381020917493500910e+01
1.709999999999391207e+01	-1.345411232154298986e+01
1.719999999999390639e+01	-1.311044954718956390e+01
1.729999999999390070e+01	-1.277840883550882012e+01
1.739999999999389502e+01	-1.245725959060650823e+01
1.749999999999388933e+01	-1.214634207247950570e+01
1.759999999999388365e+01	-1.184505849319444337e+01
1.769999999999387796e+01	-1.155286547004151565e+01
1.779999999999387228e+01	-1.126926759479598239e+01
1.789999999999386660e+01	-1.099381192667125973e+01
1.799999999999386091e+01	-1.072608325417103359e+01
1.809999999999385523e+01	-1.046570000049171334e+01
1.819999999999384954e+01	-1.021231067033814810e+01
1.829999999999384386e+01	-9.965590754441963739e+00
1.839999999999383817e+01	-9.725240022793606443e+00
1.849999999999383249e+01	-9.490980149434832924e+00
1.859999999999382680e+01	-9.262552621228612892e+00
1.869999999999382112e+01	-9.039716890805149063e+00
1.879999999999381544e+01	-8.822248740242663700e+00
1.889999999999380975e+01	-8.609938827266601535e+00
1.899999999999380407e+01	-8.402591390062546850e+00
1.909999999999379838e+01	-8.200023090373649737e+00
1.919999999999379270e+01	-8.002061977529317360e+00
1.929999999999378701e+01	-7.808546558541612725e+00
1.939999999999378133e+01	-7.619324961494037041e+00
1.949999999999377565e+01	-7.434254181207933243e+00
1.959999999999376996e+01	-7.253199397659546577e+00
1.969999999999376428e+01	-7.076033358884178170e+00
1.979999999999375859e+01	-6.902635821178202846e+00
1.989999999999375291e+01	-6.732893040328536749e+00
1.999999999999374722e+01	-6.566697308384941145e+00
2.009999999999374154e+01	-6.403946531166987199e+00
2.019999999999373586e+01	-6.244543842279108858e+00
2.029999999999373017e+01	-6.088397249910689979e+00
2.039999999999372449e+01	-5.935419313133495578e+00
2.049999999999371880e+01	-5.785526844787415968e+00
2.059999999999371312e+01	-5.638640638374811331e+00
2.069999999999370743e+01	-5.494685216671298278e+00
2.079999999999370175e+01	-5.353588600012052723e+00
2.089999999999369606e+01	-5.215282092433458416e+00
2.099999999999369038e+01	-5.079700084043176744e+00
2.109999999999368470e+01	-4.946779868162253457e+00
2.119999999999367901e+01	-4.816461471933497052e+00
2.129999999999367333e+01	-4.688687499222560895e+00
2.139999999999366764e+01	-4.563402984756476322e+00
2.149999999999366196e+01	-4.440555258548229745e+00
2.159999999999365627e+01	-4.320093819748945130e+00
2.169999999999365059e+01	-4.201970219151593966e+00
2.179999999999364491e+01	-4.086137949643909195e+00
2.189999999999363922e+01	-3.972552343973729361e+00
2.199999999999363354e+01	-3.861170479248858367e+00
2.209999999999362785e+01	-3.751951087646204996e+00
2.219999999999362217e+01	-3.644854472852107286e+00
2.229999999999361648e+01	-3.539842431798424727e+00
2.239999999999361080e+01	-3.436878181296797230e+00
2.249999999999360512e+01	-3.335926289208340556e+00
2.259999999999359943e+01	-3.236952609816659443e+00
2.269999999999359375e+01	-3.139924223100506673e+00
2.279999999999358806e+01	-3.044809377627457181e+00
2.289999999999358238e+01	-2.951577436813178856e+00
2.299999999999357669e+01	-2.860198828311583341e+00
2.309999999999357101e+01	-2.770644996320198672e+00
2.319999999999356532e+01	-2.682888356602084468e+00
2.329999999999355964e+01	-2.596902254041507874e+00
2.339999999999355396e+01	-2.512660922564698751e+00
2.349999999999354827e+01	-2.430139447270009523e+00
2.359999999999354259e+01	-2.349313728623735109e+00
2.369999999999353690e+01	-2.270160448588682822e+00
2.379999999999353122e+01	-2.192657038562425331e+00
2.389999999999352553e+01	-2.116781649011355348e+00
2.399999999999351985e+01	-2.042513120694920303e+00
2.409999999999351417e+01	-1.969830957382091352e+00
2.419999999999350848e+01	-1.898715299969122139e+00
2.429999999999350280e+01	-1.829146901914051160e+00
2.439999999999349711e+01	-1.761107105909500703e+00
2.449999999999349143e+01	-1.694577821720464783e+00
2.459999999999348574e+01	-1.629541505119257438e+00
2.469999999999348006e+01	-1.565981137853953209e+00
2.479999999999347438e+01	-1.503880208591372947e+00
2.489999999999346869e+01	-1.443222694779231263e+00
2.499999999999346301e+01	-1.383993045376109343e+00
2.509999999999345732e+01	-1.326176164400926893e+00
2.519999999999345164e+01	-1.269757395257032684e+00
2.529999999999344595e+01	-1.214722505788732532e+00
2.539999999999344027e+01	-1.161057674030882003e+00
2.549999999999343459e+01	-1.108749474614571850e+00
2.559999999999342890e+01	-1.057784865794427098e+00
2.569999999999342322e+01	-1.008151177064949167e+00
2.579999999999341753e+01	-9.598360973355521963e-01
2.589999999999341185e+01	-9.128276636357588458e-01
2.599999999999340616e+01	-8.671142503236448640e-01
2.609999999999340048e+01	-8.226845587724194164e-01
2.619999999999339479e+01	-7.795276075113931613e-01
2.629999999999338911e+01	-7.376327227990782109e-01
2.639999999999338343e+01	-6.969895296074918312e-01
2.649999999999337774e+01	-6.575879429978199742e-01
2.659999999999337206e+01	-6.194181598690186030e-01
2.669999999999336637e+01	-5.824706510617090327e-01
2.679999999999336069e+01	-5.467361538009312127e-01
2.689999999999335500e+01	-5.122056644621887367e-01
2.699999999999334932e+01	-4.788704316461172006e-01
2.709999999999334364e+01	-4.467219495479192171e-01
2.719999999999333795e+01	-4.157519516085301237e-01
2.729999999999333227e+01	-3.859524044351193561e-01
2.739999999999332658e+01	-3.573155019793714526e-01
2.749999999999332090e+01	-3.298336599624582810e-01
2.759999999999331521e+01	-3.034995105363580969e-01
2.769999999999330953e+01	-2.783058971716778629e-01
2.779999999999330385e+01	-2.542458697627006936e-01
2.789999999999329816e+01	-2.313126799408857237e-01
2.799999999999329248e+01	-2.094997765885079355e-01
2.809999999999328679e+01	-1.888008015445908072e-01
2.819999999999328111e+01	-1.692095854957562651e-01
2.829999999999327542e+01	-1.507201440448761587e-01
2.839999999999326974e+01	-1.333266739510084453e-01
2.849999999999326405e+01	-1.170235495342637072e-01
2.859999999999325837e+01	-1.018053192396829731e-01
2.869999999999325269e+01	-8.766670235454777915e-02
2.879999999999324700e+01	-7.460258587378297557e-02
2.889999999999324132e+01	-6.260802150848841785e-02
2.899999999999323563e+01	-5.167822283279738249e-02
2.909999999999322995e+01	-4.180856256468774151e-02
2.919999999999322426e+01	-3.299456997644648060e-02
2.929999999999321858e+01	-2.523192843085696885e-02
2.939999999999321290e+01	-1.851647303935038610e-02
2.949999999999320721e+01	-1.284418843858550069e-02
2.959999999999320153e+01	-8.211206682121300823e-03
2.969999999999319584e+01	-4.613805244111532540e-03
2.979999999999319016e+01	-2.048405132021852322e-03
2.989999999999318447e+01	-5.115691056684495974e-04
2.999999999999317879e+01	0.000000000000000000e+00
3.009999999999317311e+01	-5.105391491828319530e-04
3.019999999999316742e+01	-2.040164909821029840e-03
3.029999999999316174e+01	-4.585991281158878496e-03
3.039999999999315605e+01	-8.145266620371544031e-03
3.049999999999315037e+01	-1.271537245117170326e-02
3.059999999999314468e+01	-1.829382236406292689e-02
3.069999999999313900e+01	-2.487826100676261698e-02
3.079999999999313332e+01	-3.246646316340825317e-02
3.089999999999312763e+01	-4.105633292135693613e-02
3.099999999999312195e+01	-5.064590292440958319e-02
3.109999999999311626e+01	-6.123333371152667182e-02
3.119999999999311058e+01	-7.281691314018604033e-02
3.129999999999310489e+01	-8.539505589360042725e-02
3.139999999999309921e+01	-9.896630307123274739e-02
3.149999999999309352e+01	-1.135293218620767319e-01
3.159999999999308784e+01	-1.290829053003609006e-01
3.169999999999308216e+01	-1.456259721033812959e-01
3.179999999999307647e+01	-1.631575665913059803e-01
3.189999999999307079e+01	-1.816768586889900838e-01
3.199999999999306510e+01	-2.011831440097882617e-01
3.209999999999305942e+01	-2.216758440216423931e-01
3.219999999999305373e+01	-2.431545062957325698e-01
3.229999999999304805e+01	-2.656188048381002420e-01
3.239999999999304237e+01	-2.890685405048380452e-01
3.249999999999303668e+01	-3.135036415014827438e-01
3.259999999999303100e+01	-3.389241639674137052e-01
3.269999999999302531e+01	-3.653302926461924338e-01
3.279999999999301963e+01	-3.927223416428256009e-01
3.289999999999301394e+01	-4.211007552691926059e-01
3.299999999999300826e+01	-4.504661089788672412e-01
3.309999999999300258e+01	-4.808191103928122767e-01
3.319999999999299689e+01	-5.121606004175096594e-01
3.329999999999299121e+01	-5.444915544572047628e-01
3.339999999999298552e+01	-5.778130837221696625e-01
3.349999999999297984e+01	-6.121264366349722374e-01
3.359999999999297415e+01	-6.474330003369044295e-01
3.369999999999296847e+01	-6.837343022969056827e-01
3.379999999999296278e+01	-7.210320120254971599e-01
3.389999999999295710e+01	-7.593279428963773947e-01
3.399999999999295142e+01	-7.986240540785037867e-01
3.409999999999294573e+01	-8.389224525817552403e-01
3.419999999999294005e+01	-8.802253954193460794e-01
3.429999999999293436e+01	-9.225352918905548316e-01
3.439999999999292868e+01	-9.658547059872237828e-01
3.449999999999292299e+01	-1.010186358928136130e+00
3.459999999999291731e+01	-1.055533131825225235e+00
3.469999999999291163e+01	-1.101898068486102389e+00
3.479999999999290594e+01	-1.149284378357431136e+00
3.489999999999290026e+01	-1.197695439614125501e+00
3.499999999999289457e+01	-1.247134802399564979e+00
3.509999999999288889e+01	-1.297606192222224619e+00
3.519999999999288320e+01	-1.349113513514715201e+00
3.529999999999287752e+01	-1.401660853361168746e+00
3.539999999999287184e+01	-1.455252485399706863e+00
3.549999999999286615e+01	-1.509892873906657051e+00
3.559999999999286047e+01	-1.565586678070015392e+00
3.569999999999285478e+01	-1.622338756459664744e+00
3.579999999999284910e+01	-1.680154171702647137e+00
3.589999999999284341e+01	-1.739038195372051510e+00
3.599999999999283773e+01	-1.798996313098636612e+00
3.609999999999283204e+01	-1.860034229914866000e+00
3.619999999999282636e+01	-1.922157875841576047e+00
3.629999999999282068e+01	-1.985373411728076354e+00
3.639999999999281499e+01	-2.049687235357157356e+00
3.649999999999280931e+01	-2.115105987827115896e+00
3.659999999999280362e+01	-2.181636560223705334e+00
3.669999999999279794e+01	-2.249286100595548898e+00
3.679999999999279225e+01	-2.318062021247533355e+00
3.689999999999278657e+01	-2.387972006367412803e+00
3.699999999999278089e+01	-2.459024020001998156e+00
3.709999999999277520e+01	-2.531226314399961819e+00
3.719999999999276952e+01	-2.604587438739764949e+00
3.729999999999276383e+01	-2.679116248261997235e+00
3.739999999999275815e+01	-2.754821913826799307e+00
3.749999999999275246e+01	-2.831713931918356408e+00
3.759999999999274678e+01	-2.909802135119696320e+00
3.769999999999274110e+01	-2.989096703082725792e+00
3.779999999999273541e+01	-3.069608174019828883e+00
3.789999999999272973e+01	-3.151347456745194453e+00
3.799999999999272404e+01	-3.234325843295827063e+00
3.809999999999271836e+01	-3.318555022164180635e+00
3.819999999999271267e+01	-3.404047092176560874e+00
3.829999999999270699e+01	-3.490814577053486634e+00
3.839999999999270131e+01	-3.578870440691022559e+00
3.849999999999269562e+01	-3.668228103204441481e+00
3.859999999999268994e+01	-3.758901457778569988e+00
3.869999999999268425e+01	-3.850904888372248536e+00
3.879999999999267857e+01	-3.944253288327642437e+00
3.889999999999267288e+01	-4.038962079938828609e+00
3.899999999999266720e+01	-4.135047235037784041e+00
3.909999999999266151e+01	-4.232525296660385905e+00
3.919999999999265583e+01	-4.331413401859320444e+00
3.929999999999265015e+01	-4.431729305736010538e+00
3.939999999999264446e+01	-4.533491406768870746e+00
3.949999999999263878e+01	-4.636718773521072201e+00
3.959999999999263309e+01	-4.741431172817295092e+00
3.969999999999262741e+01	-4.847649099486149638e+00
3.979999999999262172e+01	-4.955393807771887538e+00
3.989999999999261604e+01	-5.064687344527712298e+00
3.999999999999261036e+01	-5.175552584311814641e+00
4.009999999999260467e+01	-5.288013266516751187e+00
4.019999999999259899e+01	-5.402094034673844192e+00
4.029999999999259330e+01	-5.517820478085555536e+00
4.039999999999258762e+01	-5.635219175951898585e+00
4.049999999999258193e+01	-5.754317744170668547e+00
4.059999999999257625e+01	-5.875144885006818640e+00
4.069999999999257057e+01	-5.997730439843092398e+00
4.079999999999256488e+01	-6.122105445242826072e+00
4.089999999999255920e+01	-6.248302192575726721e+00
4.099999999999255351e+01	-6.376354291480720526e+00
4.109999999999254783e+01	-6.506296737464341895e+00
4.119999999999254214e+01	-6.638165983960786498e+00
4.129999999999253646e+01	-6.772000019210223876e+00
4.139999999999253077e+01	-6.907838448345696492e+00
4.149999999999252509e+01	-7.045722581116389271e+00
4.159999999999251941e+01	-7.185695525716623067e+00
4.169999999999251372e+01	-7.327802289236062805e+00
4.179999999999250804e+01	-7.472089885298540679e+00
4.189999999999250235e+01	-7.618607449514154695e+00
4.199999999999249667e+01	-7.767406363433631000e+00
4.209999999999249098e+01	-7.918540387766221045e+00
4.219999999999248530e+01	-8.072065805702690611e+00
4.229999999999247962e+01	-8.228041577275964968e+00
4.239999999999247393e+01	-8.386529505793991035e+00
4.249999999999246825e+01	-8.547594417493932895e+00
4.259999999999246256e+01	-8.711304355697180313e+00
4.269999999999245688e+01	-8.877730790890815626e+00
4.279999999999245119e+01	-9.046948848328256076e+00
4.289999999999244551e+01	-9.219037554929755629e+00
4.299999999999243983e+01	-9.394080107479874542e+00
4.309999999999243414e+01	-9.572164164362327199e+00
4.319999999999242846e+01	-9.753382163354601175e+00
4.329999999999242277e+01	-9.937831668324516698e+00
4.339999999999241709e+01	-1.012561574803982722e+01
4.349999999999241140e+01	-1.031684339072599244e+01
4.359999999999240572e+01	-1.051162995849659332e+01
4.369999999999240003e+01	-1.071009768634739601e+01
4.379999999999239435e+01	-1.091237623106073151e+01
4.389999999999238867e+01	-1.111860327613222843e+01
4.399999999999238298e+01	-1.132892519972216405e+01
4.409999999999237730e+01	-1.154349781367693595e+01
4.419999999999237161e+01	-1.176248718289125250e+01
4.429999999999236593e+01	-1.198607053572223968e+01
4.439999999999236024e+01	-1.221443727787322509e+01
4.449999999999235456e+01	-1.244779012418403141e+01
4.459999999999234888e+01	-1.268634636517300862e+01
4.469999999999234319e+01	-1.293033928805163946e+01
4.479999999999233751e+01	-1.318001977538347624e+01
4.489999999999233182e+01	-1.343565810872043187e+01
4.499999999999232614e+01	-1.369754600958320623e+01
4.509999999999232045e+01	-1.396599895627877075e+01
4.519999999999231477e+01	-1.424135882253291996e+01
4.529999999999230909e+01	-1.452399689311356390e+01
4.539999999999230340e+01	-1.481431732298323034e+01
4.549999999999229772e+01	-1.511276112063522525e+01
4.559999999999229203e+01	-1.541981075391788281e+01
4.569999999999228635e+01	-1.573599549885357263e+01
4.579999999999228066e+01	-1.606189768008713514e+01
4.589999999999227498e+01	-1.639815998748889925e+01
4.599999999999226930e+01	-1.674549409958462576e+01
4.609999999999226361e+01	-1.710469090431658401e+01
4.619999999999225793e+01	-1.747663268588710039e+01
4.629999999999225224e+01	-1.786230774974245961e+01
4.639999999999224656e+01	-1.826282809551638309e+01
4.649999999999224087e+01	-1.867945093347057650e+01
4.659999999999223519e+01	-1.911360509327814583e+01
4.669999999999222950e+01	-1.956692372389185408e+01
4.679999999999222382e+01	-2.004128517324421566e+01
4.689999999999221814e+01	-2.053886463309191157e+01
4.699999999999221245e+01	-2.106220014088171055e+01
4.709999999999220677e+01	-2.161427801147246086e+01
4.719999999999220108e+01	-2.219864499426669369e+01
4.729999999999219540e+01	-2.281955786181205781e+01
4.739999999999218971e+01	-2.348218649976365313e+01
4.749999999999218403e+01	-2.419289524153148463e+01
4.759999999999217835e+01	-2.495964166476909085e+01
4.769999999999217266e+01	-2.579255710632196141e+01
4.779999999999216698e+01	-2.670481831324450894e+01
4.789999999999216129e+01	-2.771400517244639516e+01
4.799999999999215561e+01	-2.884431109961218098e+01
4.809999999999214992e+01	-3.013034219302846139e+01
4.819999999999214424e+01	-3.162410923491843917e+01
4.829999999999213856e+01	-3.340909581318185673e+01
4.839999999999213287e+01	-3.563223223148891350e+01
4.849999999999212719e+01	-3.859079859937829582e+01
4.859999999999212150e+01	-4.305037720940251234e+01
4.869999999999211582e+01	-5.252031955454904733e+01
4.879999999999211013e+01	-5.293142944390300642e+01
4.889999999999210445e+01	-4.331384024319859805e+01
4.899999999999209876e+01	-3.890060340578627063e+01
4.909999999999209308e+01	-3.601608160741763243e+01
4.919999999999208740e+01	-3.387621906518402426e+01
4.929999999999208171e+01	-3.217869631319629775e+01
4.939999999999207603e+01	-3.077464376512094191e+01
4.949999999999207034e+01	-2.957967189423415633e+01
4.959999999999206466e+01	-2.854128947093966673e+01
4.969999999999205897e+01	-2.762461149715115027e+01
4.979999999999205329e+01	-2.680527122942877583e+01
4.989999999999204761e+01	-2.606557512392631892e+01
4.999999999999204192e+01	-2.539226857885791588e+01
5.009999999999203624e+01	-2.477516494450878071e+01
5.019999999999203055e+01	-2.420626609890088332e+01
5.029999999999202487e+01	-2.367917716853718701e+01
5.039999999999201918e+01	-2.318870470006419637e+01
5.049999999999201350e+01	-2.273057333324990026e+01
5.059999999999200782e+01	-2.230122136480602180e+01
5.069999999999200213e+01	-2.189765022777497450e+01
5.079999999999199645e+01	-2.151731167515570320e+01
5.089999999999199076e+01	-2.115802187289823522e+01
5.099999999999198508e+01	-2.081789504948279657e+01
5.109999999999197939e+01	-2.049529159149897595e+01
5.119999999999197371e+01	-2.018877696792559817e+01
5.129999999999196802e+01	-1.989708888035183065e+01
5.139999999999196234e+01	-1.961911073821264040e+01
5.149999999999195666e+01	-1.935385005165927197e+01
5.159999999999195097e+01	-1.910042068700774109e+01
5.169999999999194529e+01	-1.885802818469935005e+01
5.179999999999193960e+01	-1.862595752661419723e+01
5.189999999999193392e+01	-1.840356287818792325e+01
5.199999999999192823e+01	-1.819025893470169208e+01
5.209999999999192255e+01	-1.798551357981224186e+01
5.219999999999191687e+01	-1.778884162454998474e+01
5.229999999999191118e+01	-1.759979944141031183e+01
5.239999999999190550e+01	-1.741798034423860742e+01
5.249999999999189981e+01	-1.724301059287959603e+01
5.259999999999189413e+01	-1.707454592387310655e+01
5.269999999999188844e+01	-1.691226852621088383e+01
5.279999999999188276e+01	-1.675588439535168561e+01
5.289999999999187708e+01	-1.660512101010466068e+01
5.299999999999187139e+01	-1.645972528622952780e+01
5.309999999999186571e+01	-1.631946176811922555e+01
5.319999999999186002e+01	-1.618411102608114760e+01
5.329999999999185434e+01	-1.605346823178933136e+01
5.339999999999184865e+01	-1.592734188865550138e+01
5.349999999999184297e+01	-1.580555269733256196e+01
5.359999999999183729e+01	-1.568793253945066013e+01
5.369999999999183160e+01	-1.557432356510170379e+01
5.379999999999182592e+01	-1.546457737161693302e+01
5.389999999999182023e+01	-1.535855426289245074e+01
5.399999999999181455e+01	-1.525612257996498577e+01
5.409999999999180886e+01	-1.515715809476859199e+01
5.419999999999180318e+01	-1.506154346004908362e+01
5.429999999999179749e+01	-1.496916770930812035e+01
5.439999999999179181e+01	-1.487992580141432875e+01
5.449999999999178613e+01	-1.479371820517813063e+01
5.459999999999178044e+01	-1.471045051975469420e+01
5.469999999999177476e+01	-1.463003312723036409e+01
5.479999999999176907e+01	-1.455238087417307824e+01
5.489999999999176339e+01	-1.447741277929716297e+01
5.499999999999175770e+01	-1.440505176471446980e+01
5.509999999999175202e+01	-1.433522440852489765e+01
5.519999999999174634e+01	-1.426786071674550627e+01
5.529999999999174065e+01	-1.420289391279215785e+01
5.539999999999173497e+01	-1.414026024291812789e+01
5.549999999999172928e+01	-1.407989879618017426e+01
5.559999999999172360e+01	-1.402175133764986370e+01
5.569999999999171791e+01	-1.396576215371846530e+01
5.579999999999171223e+01	-1.391187790845829753e+01
5.589999999999170655e+01	-1.386004751010640312e+01
5.599999999999170086e+01	-1.381022198682648927e+01
5.609999999999169518e+01	-1.376235437098684855e+01
5.619999999999168949e+01	-1.371639959126341424e+01
5.629999999999168381e+01	-1.367231437194207366e+01
5.639999999999167812e+01	-1.363005713885160475e+01
5.649999999999167244e+01	-1.358958793141090204e+01
5.659999999999166675e+01	-1.355086832031978616e+01
5.669999999999166107e+01	-1.351386133046501392e+01
5.679999999999165539e+01	-1.347853136865025014e+01
5.689999999999164970e+01	-1.344484415579275804e+01
5.699999999999164402e+01	-1.341276666325994071e+01
5.709999999999163833e+01	-1.338226705304655795e+01
5.719999999999163265e+01	-1.335331462151828674e+01
5.729999999999162696e+01	-1.332587974647001339e+01
5.739999999999162128e+01	-1.329993383726750622e+01
5.749999999999161560e+01	-1.327544928786004874e+01
5.759999999999160991e+01	-1.325239943246818974e+01
5.769999999999160423e+01	-1.323075850376652163e+01
5.779999999999159854e+01	-1.321050159339499075e+01
5.789999999999159286e+01	-1.319160461464545264e+01
5.799999999999158717e+01	-1.317404426718167265e+01
5.809999999999158149e+01	-1.315779800366162711e+01
5.819999999999157581e+01	-1.314284399814062532e+01
5.829999999999157012e+01	-1.312916111614323000e+01
5.839999999999156444e+01	-1.311672888629930434e+01
5.849999999999155875e+01	-1.310552747344790880e+01
5.859999999999155307e+01	-1.309553765311903639e+01
5.869999999999154738e+01	-1.308674078730981449e+01
5.879999999999154170e+01	-1.307911880147774930e+01
5.889999999999153601e+01	-1.307265416267856750e+01
5.899999999999153033e+01	-1.306732985878154452e+01
5.909999999999152465e+01	-1.306312937869974178e+01
5.919999999999151896e+01	-1.306003669357649777e+01
5.929999999999151328e+01	-1.305803623887381626e+01
5.939999999999150759e+01	-1.305711289731148739e+01
5.949999999999150191e+01	-1.305725198260967090e+01
5.959999999999149622e+01	-1.305843922398996426e+01
5.969999999999149054e+01	-1.306066075139378491e+01
5.979999999999148486e+01	-1.306390308137858725e+01
5.989999999999147917e+01	-1.306815310365579741e+01
5.999999999999147349e+01	-1.307339806823582506e+01
6.009999999999146780e+01	-1.307962557314830931e+01
6.019999999999146212e+01	-1.308682355270729580e+01
6.029999999999145643e+01	-1.309498026629303880e+01
6.039999999999145075e+01	-1.310408428762377042e+01
6.049999999999144507e+01	-1.311412449449260542e+01
6.059999999999143938e+01	-1.312509005894576219e+01
6.069999999999143370e+01	-1.313697043788023144e+01
6.079999999999142801e+01	-1.314975536403986212e+01
6.089999999999142233e+01	-1.316343483739024478e+01
6.099999999999141664e+01	-1.317799911685402492e+01
6.109999999999141096e+01	-1.319343871238890387e+01
6.119999999999140528e+01	-1.320974437739215368e+01
6.129999999999139959e+01	-1.322690710141591097e+01
6.139999999999139391e+01	-1.324491810317866936e+01
6.149999999999138822e+01	-1.326376882385894618e+01
6.159999999999138254e+01	-1.328345092065823962e+01
6.169999999999137685e+01	-1.330395626062067116e+01
6.179999999999137117e+01	-1.332527691469774567e+01
6.189999999999136548e+01	-1.334740515204701161e+01
6.199999999999135980e+01	-1.337033343455414780e+01
6.209999999999135412e+01	-1.339405441156853449e+01
6.219999999999134843e+01	-1.341856091484297764e+01
6.229999999999134275e+01	-1.344384595366834745e+01
6.239999999999133706e+01	-1.346990271019501684e+01
6.249999999999133138e+01	-1.349672453493285573e+01
6.259999999999132569e+01	-1.352430494242207182e+01
6.269999999999132001e+01	-1.355263760706793974e+01
6.279999999999131433e+01	-1.358171635913213215e+01
6.289999999999130864e+01	-1.361153518087458636e+01
6.299999999999130296e+01	-1.364208820283917234e+01
6.309999999999129727e+01	-1.367336970027777099e+01
6.319999999999129159e+01	-1.370537408970669802e+01
6.329999999999128590e+01	-1.373809592559042336e+01
6.339999999999128022e+01	-1.377152989714738851e+01
6.349999999999127454e+01	-1.380567082527305267e+01
6.359999999999126885e+01	-1.384051365957553337e+01
6.369999999999126317e+01	-1.387605347551971668e+01
6.379999999999125748e+01	-1.391228547167514762e+01
6.389999999999125180e+01	-1.394920496706416380e+01
6.399999999999124611e+01	-1.398680739860629352e+01
6.409999999999124043e+01	-1.402508831865525885e+01
6.419999999999123474e+01	-1.406404339262514291e+01
6.429999999999122906e+01	-1.410366839670242811e+01
6.439999999999122338e+01	-1.414395921564080716e+01
6.449999999999121769e+01	-1.418491184063567800e+01
6.459999999999121201e+01	-1.422652236727537556e+01
6.469999999999120632e+01	-1.426878699356663560e+01
6.479999999999120064e+01	-1.431170201803145581e+01
6.489999999999119495e+01	-1.435526383787276572e+01
6.499999999999118927e+01	-1.439946894720694104e+01
6.509999999999118359e+01	-1.444431393536020458e+01
6.519999999999117790e+01	-1.448979548522746086e+01
6.529999999999117222e+01	-1.453591037169072209e+01
6.539999999999116653e+01	-1.458265546009578273e+01
6.549999999999116085e+01	-1.463002770478467163e+01
6.559999999999115516e+01	-1.467802414768252461e+01
6.569999999999114948e+01	-1.472664191693657543e+01
6.579999999999114380e+01	-1.477587822560619379e+01
6.589999999999113811e+01	-1.482573037040173958e+01
6.599999999999113243e+01	-1.487619573047119204e+01
6.609999999999112674e+01	-1.492727176623263752e+01
6.619999999999112106e+01	-1.497895601825155154e+01
6.629999999999111537e+01	-1.503124610616134049e+01
6.639999999999110969e+01	-1.508413972762560817e+01
6.649999999999110400e+01	-1.513763465734147573e+01
6.659999999999109832e+01	-1.519172874608208090e+01
6.669999999999109264e+01	-1.524641991977755495e+01
6.679999999999108695e+01	-1.530170617863308635e+01
6.689999999999108127e+01	-1.535758559628325060e+01
6.699999999999107558e+01	-1.541405631898135198e+01
6.709999999999106990e+01	-1.547111656482287501e+01
6.719999999999106421e+01	-1.552876462300213944e+01
6.729999999999105853e+01	-1.558699885310113231e+01
6.739999999999105285e+01	-1.564581768440977960e+01
6.749999999999104716e+01	-1.570521961527660082e+01
6.759999999999104148e+01	-1.576520321248923651e+01
6.769999999999103579e+01	-1.582576711068377406e+01
6.779999999999103011e+01	-1.588691001178209916e+01
6.789999999999102442e+01	-1.594863068445687659e+01
6.799999999999101874e+01	-1.601092796362323156e+01
6.809999999999101306e+01	-1.607380074995616326e+01
6.819999999999100737e+01	-1.613724800943366589e+01
6.829999999999100169e+01	-1.620126877290445222e+01
6.839999999999099600e+01	-1.626586213567957984e+01
6.849999999999099032e+01	-1.633102725714799419e+01
6.859999999999098463e+01	-1.639676336041467053e+01
6.869999999999097895e+01	-1.646306973196121959e+01
6.879999999999097327e+01	-1.652994572132841711e+01
6.889999999999096758e+01	-1.659739074081981869e+01
6.899999999999096190e+01	-1.666540426522642449e+01
6.909999999999095621e+01	-1.673398583157136699e+01
6.919999999999095053e+01	-1.680313503887452953e+01
6.929999999999094484e+01	-1.687285154793644537e+01
6.939999999999093916e+01	-1.694313508114107236e+01
6.949999999999093347e+01	-1.701398542227675037e+01
6.959999999999092779e+01	-1.708540241637544810e+01
6.969999999999092211e+01	-1.715738596956914819e+01
6.979999999999091642e+01	-1.722993604896345943e+01
6.989999999999091074e+01	-1.730305268252778816e+01
6.999999999999090505e+01	-1.737673595900187351e+01
7.009999999999089937e+01	-1.745098602781776620e+01
7.019999999999089368e+01	-1.752580309903747491e+01
7.029999999999088800e+01	-1.760118744330533858e+01
7.039999999999088232e+01	-1.767713939181516736e+01
7.049999999999087663e+01	-1.775365933629111481e+01
7.059999999999087095e+01	-1.783074772898260818e+01
7.069999999999086526e+01	-1.790840508267237396e+01
7.079999999999085958e+01	-1.798663197069725683e+01
7.089999999999085389e+01	-1.806542902698154407e+01
7.099999999999084821e+01	-1.814479694608237281e+01
7.109999999999084253e+01	-1.822473648324638873e+01
7.119999999999083684e+01	-1.830524845447774140e+01
7.129999999999083116e+01	-1.838633373661688353e+01
7.139999999999082547e+01	-1.846799326742885583e+01
7.149999999999081979e+01	-1.855022804570226214e+01
7.159999999999081410e+01	-1.863303913135654710e+01
7.169999999999080842e+01	-1.871642764555858562e+01
7.179999999999080273e+01	-1.880039477084704558e+01
7.189999999999079705e+01	-1.888494175126471575e+01
7.199999999999079137e+01	-1.897006989249760167e+01
7.209999999999078568e+01	-1.905578056202091375e+01
7.219999999999078000e+01	-1.914207518925037022e+01
7.229999999999077431e+01	-1.922895526569945091e+01
7.239999999999076863e+01	-1.931642234514060519e+01
7.249999999999076294e+01	-1.940447804377095764e+01
7.259999999999075726e+01	-1.949312404038070667e+01
7.269999999999075158e+01	-1.958236207652435112e+01
7.279999999999074589e+01	-1.967219395669362569e+01
7.289999999999074021e+01	-1.976262154849073482e+01
7.299999999999073452e+01	-1.985364678280224027e+01
7.309999999999072884e+01	-1.994527165397171942e+01
7.319999999999072315e+01	-2.003749821997052649e+01
7.329999999999071747e+01	-2.013032860256546996e+01
7.339999999999071179e+01	-2.022376498748308293e+01
7.349999999999070610e+01	-2.031780962456828021e+01
7.359999999999070042e+01	-2.041246482793691541e+01
7.369999999999069473e+01	-2.050773297612103718e+01
7.379999999999068905e+01	-2.060361651220491197e+01
7.389999999999068336e+01	-2.070011794395121996e+01
7.399999999999067768e+01	-2.079723984391539204e+01
7.409999999999067199e+01	-2.089498484954658508e+01
7.419999999999066631e+01	-2.099335566327405900e+01
7.429999999999066063e+01	-2.109235505257660748e+01
7.439999999999065494e+01	-2.119198585003387336e+01
7.449999999999064926e+01	-2.129225095335671725e+01
7.459999999999064357e+01	-2.139315332539565162e+01
7.469999999999063789e+01	-2.149469599412458720e+01
7.479999999999063220e+01	-2.159688205259681837e+01
7.489999999999062652e+01	-2.169971465887257978e+01
7.499999999999062084e+01	-2.180319703591419156e+01
7.509999999999061515e+01	-2.190733247144601137e+01
7.519999999999060947e+01	-2.201212431777740264e+01
7.529999999999060378e+01	-2.211757599158444165e+01
7.539999999999059810e+01	-2.222369097364746438e+01
7.549999999999059241e+01	-2.233047280854194483e+01
7.559999999999058673e+01	-2.243792510427649134e+01
7.569999999999058105e+01	-2.254605153187796773e+01
7.579999999999057536e+01	-2.265485582491504246e+01
7.589999999999056968e+01	-2.276434177895981747e+01
7.599999999999056399e+01	-2.287451325098045274e+01
7.609999999999055831e+01	-2.298537415866051958e+01
7.619999999999055262e+01	-2.309692847963992790e+01
7.629999999999054694e+01	-2.320918025067226864e+01
7.639999999999054126e+01	-2.332213356669158344e+01
7.649999999999053557e+01	-2.343579257978346320e+01
7.659999999999052989e+01	-2.355016149805314996e+01
7.669999999999052420e+01	-2.366524458438409084e+01
7.679999999999051852e+01	-2.378104615507902508e+01
7.689999999999051283e+01	-2.389757057837585563e+01
7.699999999999050715e+01	-2.401482227283053561e+01
7.709999999999050146e+01	-2.413280570555662052e+01
7.719999999999049578e+01	-2.425152539031396159e+01
7.729999999999049010e+01	-2.437098588543469191e+01
7.739999999999048441e+01	-2.449119179157746373e+01
7.749999999999047873e+01	-2.461214774929717208e+01
7.759999999999047304e+01	-2.473385843641971604e+01
7.769999999999046736e+01	-2.485632856520803102e+01
7.779999999999046167e+01	-2.497956287930632158e+01
7.789999999999045599e+01	-2.510356615044826967e+01
7.799999999999045031e+01	-2.522834317491405898e+01
7.809999999999044462e+01	-2.535389876972040568e+01
7.819999999999043894e+01	-2.548023776852593869e+01
7.829999999999043325e+01	-2.560736501723415515e+01
7.839999999999042757e+01	-2.573528536927629062e+01
7.849999999999042188e+01	-2.586400368055059218e+01
7.859999999999041620e+01	-2.599352480399933540e+01
7.869999999999041052e+01	-2.612385358380045020e+01
7.879999999999040483e+01	-2.625499484914730886e+01
7.889999999999039915e+01	-2.638695340759450758e+01
7.899999999999039346e+01	-2.651973403793861905e+01
7.909999999999038778e+01	-2.665334148260950542e+01
7.919999999999038209e+01	-2.678778043953703758e+01
7.929999999999037641e+01	-2.692305555346459300e+01
7.939999999999037072e+01	-2.705917140667306597e+01
7.949999999999036504e+01	-2.719613250908064472e+01
7.959999999999035936e+01	-2.733394328767737491e+01
7.969999999999035367e+01	-2.747260807525736936e+01
7.979999999999034799e+01	-2.761213109840286961e+01
7.989999999999034230e+01	-2.775251646467618016e+01
7.999999999999033662e+01	-2.789376814897021717e+01
8.009999999999033093e+01	-2.803588997896837043e+01
8.019999999999032525e+01	-2.817888561965822802e+01
8.029999999999031957e+01	-2.832275855684353871e+01
8.039999999999031388e+01	-2.846751207959380636e+01
8.049999999999030820e+01	-2.861314926156920535e+01
8.059999999999030251e+01	-2.875967294115202932e+01
8.069999999999029683e+01	-2.890708570031735647e+01
8.079999999999029114e+01	-2.905538984216429554e+01
8.089999999999028546e+01	-2.920458736703592351e+01
8.099999999999027978e+01	-2.935467994713853201e+01
8.109999999999027409e+01	-2.950566889958044214e+01
8.119999999999026841e+01	-2.965755515773452089e+01
8.129999999999026272e+01	-2.981033924083323683e+01
8.139999999999025704e+01	-2.996402122169191884e+01
8.149999999999025135e+01	-3.011860069246068861e+01
8.159999999999024567e+01	-3.027407672829215812e+01
8.169999999999023998e+01	-3.043044784881171694e+01
8.179999999999023430e+01	-3.058771197727169522e+01
8.189999999999022862e+01	-3.074586639726510029e+01
8.199999999999022293e+01	-3.090490770687114264e+01
8.209999999999021725e+01	-3.106483177009564756e+01
8.219999999999021156e+01	-3.122563366547381492e+01
8.229999999999020588e+01	-3.138730763168696569e+01
8.239999999999020019e+01	-3.154984701005050240e+01
8.249999999999019451e+01	-3.171324418372024212e+01
8.259999999999018883e+01	-3.187749051346420259e+01
8.269999999999018314e+01	-3.204257626984327345e+01
8.279999999999017746e+01	-3.220849056164212953e+01
8.289999999999017177e+01	-3.237522126038988546e+01
8.299999999999016609e+01	-3.254275492081020360e+01
8.309999999999016040e+01	-3.271107669704393572e+01
8.319999999999015472e+01	-3.288017025448448294e+01
8.329999999999014904e+01	-3.305001767707586424e+01
8.339999999999014335e+01	-3.322059936992591389e+01
8.349999999999013767e+01	-3.339189395709666996e+01
8.359999999999013198e+01	-3.356387817444485222e+01
8.369999999999012630e+01	-3.373652675739515416e+01
8.379999999999012061e+01	-3.390981232355679964e+01
8.389999999999011493e+01	-3.408370525009814145e+01
8.399999999999010925e+01	-3.425817354583629282e+01
8.409999999999010356e+01	-3.443318271801418007e+01
8.419999999999009788e+01	-3.460869563378109603e+01
8.429999999999009219e+01	-3.478467237643143051e+01
8.439999999999008651e+01	-3.496107009649978181e+01
8.449999999999008082e+01	-3.513784285787207295e+01
8.459999999999007514e+01	-3.531494147912742676e+01
8.469999999999006945e+01	-3.549231337040114909e+01
8.479999999999006377e+01	-3.566990236613599308e+01
8.489999999999005809e+01	-3.584764855418324458e+01
8.499999999999005240e+01	-3.602548810180416439e+01
8.509999999999004672e+01	-3.620335307925478219e+01
8.519999999999004103e+01	-3.638117128173387016e+01
8.529999999999003535e+01	-3.655886605063499672e+01
8.539999999999002966e+01	-3.673635609516801992e+01
8.549999999999002398e+01	-3.691355531559964476e+01
8.559999999999001830e+01	-3.709037262951495251e+01
8.569999999999001261e+01	-3.726671180269867278e+01
8.579999999999000693e+01	-3.744247128643172573e+01
8.589999999999000124e+01	-3.761754406319884936e+01
8.599999999998999556e+01	-3.779181750302524279e+01
8.609999999998998987e+01	-3.796517323288345835e+01
8.619999999998998419e+01	-3.813748702182806483e+01
8.629999999998997851e+01	-3.830862868475470151e+01
8.639999999998997282e+01	-3.847846200789456361e+01
8.649999999998996714e+01	-3.864684469936904065e+01
8.659999999998996145e+01	-3.881362836833097418e+01
8.669999999998995577e+01	-3.897865853639139999e+01
8.679999999998995008e+01	-3.914177468517413416e+01
8.689999999998994440e+01	-3.930281034395468964e+01
8.699999999998993871e+01	-3.946159322140015036e+01
8.709999999998993303e+01	-3.961794538540346622e+01
8.719999999998992735e+01	-3.977168349497792121e+01
8.729999999998992166e+01	-3.992261908798980841e+01
8.739999999998991598e+01	-4.007055892828606858e+01
8.749999999998991029e+01	-4.021530541543376103e+01
8.759999999998990461e+01	-4.035665705982731311e+01
8.769999999998989892e+01	-4.049440902535121722e+01
8.779999999998989324e+01	-4.062835374109499753e+01
8.789999999998988756e+01	-4.075828158279446001e+01
8.799999999998988187e+01	-4.088398162371759526e+01
8.809999999998987619e+01	-4.100524245366290188e+01
8.819999999998987050e+01	-4.112185306352833436e+01
8.829999999998986482e+01	-4.123360379166588530e+01
8.839999999998985913e+01	-4.134028732685126784e+01
8.849999999998985345e+01	-4.144169976132176458e+01
8.859999999998984777e+01	-4.153764168589178496e+01
8.869999999998984208e+01	-4.162791931777053378e+01
8.879999999998983640e+01	-4.171234565034018260e+01
8.889999999998983071e+01	-4.179074161295702794e+01
8.899999999998982503e+01	-4.186293722768770920e+01
8.909999999998981934e+01	-4.192877274906496865e+01
8.919999999998981366e+01	-4.198809977225462831e+01
8.929999999998980797e+01	-4.204078229466816197e+01
8.939999999998980229e+01	-4.208669771600768428e+01
8.949999999998979661e+01	-4.212573776199875653e+01
8.959999999998979092e+01	-4.215780931770411399e+01
8.969999999998978524e+01	-4.218283515731309308e+01
8.979999999998977955e+01	-4.220075455860235536e+01
8.989999999998977387e+01	-4.221152379195751791e+01
