# Angle [deg]	Magnitude [dB]
-9.000000000000000000e+01	-4.099422335463876266e+01
-8.990000000000000568e+01	-4.099243457882218422e+01
-8.980000000000001137e+01	-4.098707046475887239e+01
-8.970000000000001705e+01	-4.097813764352945753e+01
-8.960000000000002274e+01	-4.096564713676614389e+01
-8.950000000000002842e+01	-4.094961431166601784e+01
-8.940000000000003411e+01	-4.093005881855408035e+01
-8.930000000000003979e+01	-4.090700451152702755e+01
-8.920000000000004547e+01	-4.088047935284372869e+01
-8.910000000000005116e+01	-4.085051530186760971e+01
-8.900000000000005684e+01	-4.081714818947163792e+01
-8.890000000000006253e+01	-4.078041757893400643e+01
-8.880000000000006821e+01	-4.074036661442778495e+01
-8.870000000000007390e+01	-4.069704185830326537e+01
-8.860000000000007958e+01	-4.065049311840631674e+01
-8.850000000000008527e+01	-4.060077326672085718e+01
-8.840000000000009095e+01	-4.054793805067197354e+01
-8.830000000000009663e+01	-4.049204589840751822e+01
-8.820000000000010232e+01	-4.043315771940485348e+01
-8.810000000000010800e+01	-4.037133670171583333e+01
-8.800000000000011369e+01	-4.030664810713781065e+01
-8.790000000000011937e+01	-4.023915906555546940e+01
-8.780000000000012506e+01	-4.016893836965172682e+01
-8.770000000000013074e+01	-4.009605627111963599e+01
-8.760000000000013642e+01	-4.002058427942851893e+01
-8.750000000000014211e+01	-3.994259496414581889e+01
-8.740000000000014779e+01	-3.986216176169648406e+01
-8.730000000000015348e+01	-3.977935878739680220e+01
-8.720000000000015916e+01	-3.969426065347941801e+01
-8.710000000000016485e+01	-3.960694229374783504e+01
-8.700000000000017053e+01	-3.951747879542276110e+01
-8.690000000000017621e+01	-3.942594523862722156e+01
-8.680000000000018190e+01	-3.933241654389424014e+01
-8.670000000000018758e+01	-3.923696732799484010e+01
-8.660000000000019327e+01	-3.913967176829052619e+01
-8.650000000000019895e+01	-3.904060347575463652e+01
-8.640000000000020464e+01	-3.893983537673911854e+01
-8.630000000000021032e+01	-3.883743960347916158e+01
-8.620000000000021600e+01	-3.873348739329480139e+01
-8.610000000000022169e+01	-3.862804899637150413e+01
-8.600000000000022737e+01	-3.852119359197905624e+01
-8.590000000000023306e+01	-3.841298921291148361e+01
-8.580000000000023874e+01	-3.830350267793819796e+01
-8.570000000000024443e+01	-3.819279953198159205e+01
-8.560000000000025011e+01	-3.808094399374162009e+01
-8.550000000000025580e+01	-3.796799891044999242e+01
-8.540000000000026148e+01	-3.785402571943056671e+01
-8.530000000000026716e+01	-3.773908441611432352e+01
-8.520000000000027285e+01	-3.762323352817187327e+01
-8.510000000000027853e+01	-3.750653009539582428e+01
-8.500000000000028422e+01	-3.738902965498727582e+01
-8.490000000000028990e+01	-3.727078623188111095e+01
-8.480000000000029559e+01	-3.715185233376634244e+01
-8.470000000000030127e+01	-3.703227895044722118e+01
-8.460000000000030695e+01	-3.691211555721348958e+01
-8.450000000000031264e+01	-3.679141012188698312e+01
-8.440000000000031832e+01	-3.667020911522611470e+01
-8.430000000000032401e+01	-3.654855752438338357e+01
-8.420000000000032969e+01	-3.642649886912080603e+01
-8.410000000000033538e+01	-3.630407522050280988e+01
-8.400000000000034106e+01	-3.618132722180060767e+01
-8.390000000000034674e+01	-3.605829411135346874e+01
-8.380000000000035243e+01	-3.593501374715151542e+01
-8.370000000000035811e+01	-3.581152263291266280e+01
-8.360000000000036380e+01	-3.568785594544668527e+01
-8.350000000000036948e+01	-3.556404756310640636e+01
-8.340000000000037517e+01	-3.544013009514738144e+01
-8.330000000000038085e+01	-3.531613491182562115e+01
-8.320000000000038654e+01	-3.519209217507309972e+01
-8.310000000000039222e+01	-3.506803086961417648e+01
-8.300000000000039790e+01	-3.494397883438449526e+01
-8.290000000000040359e+01	-3.481996279413247919e+01
-8.280000000000040927e+01	-3.469600839109764223e+01
-8.270000000000041496e+01	-3.457214021665933501e+01
-8.260000000000042064e+01	-3.444838184286937377e+01
-8.250000000000042633e+01	-3.432475585378880112e+01
-8.240000000000043201e+01	-3.420128387655190494e+01
-8.230000000000043769e+01	-3.407798661209508140e+01
-8.220000000000044338e+01	-3.395488386549531867e+01
-8.210000000000044906e+01	-3.383199457586316328e+01
-8.200000000000045475e+01	-3.370933684575257416e+01
-8.190000000000046043e+01	-3.358692797004324859e+01
-8.180000000000046612e+01	-3.346478446426882414e+01
-8.170000000000047180e+01	-3.334292209236080851e+01
-8.160000000000047748e+01	-3.322135589378498821e+01
-8.150000000000048317e+01	-3.310010021005512471e+01
-8.140000000000048885e+01	-3.297916871060513699e+01
-8.130000000000049454e+01	-3.285857441801469747e+01
-8.120000000000050022e+01	-3.273832973257343326e+01
-8.110000000000050591e+01	-3.261844645618562311e+01
-8.100000000000051159e+01	-3.249893581560915123e+01
-8.090000000000051728e+01	-3.237980848502915876e+01
-8.080000000000052296e+01	-3.226107460797197035e+01
-8.070000000000052864e+01	-3.214274381855894802e+01
-8.060000000000053433e+01	-3.202482526210864222e+01
-8.050000000000054001e+01	-3.190732761509527649e+01
-8.040000000000054570e+01	-3.179025910446947023e+01
-8.030000000000055138e+01	-3.167362752635202128e+01
-8.020000000000055707e+01	-3.155744026411338155e+01
-8.010000000000056275e+01	-3.144170430584716769e+01
-8.000000000000056843e+01	-3.132642626125046093e+01
-7.990000000000057412e+01	-3.121161237792542664e+01
-7.980000000000057980e+01	-3.109726855711407723e+01
-7.970000000000058549e+01	-3.098340036887848115e+01
-7.960000000000059117e+01	-3.087001306674279988e+01
-7.950000000000059686e+01	-3.075711160180936687e+01
-7.940000000000060254e+01	-3.064470063636347419e+01
-7.930000000000060822e+01	-3.053278455698059446e+01
-7.920000000000061391e+01	-3.042136748715135397e+01
-7.910000000000061959e+01	-3.031045329943746225e+01
-7.900000000000062528e+01	-3.020004562717293339e+01
-7.890000000000063096e+01	-3.009014787572492367e+01
-7.880000000000063665e+01	-2.998076323332799831e+01
-7.870000000000064233e+01	-2.987189468150462801e+01
-7.860000000000064801e+01	-2.976354500508729828e+01
-7.850000000000065370e+01	-2.965571680185301062e+01
-7.840000000000065938e+01	-2.954841249178605267e+01
-7.830000000000066507e+01	-2.944163432597845187e+01
-7.820000000000067075e+01	-2.933538439518363461e+01
-7.810000000000067644e+01	-2.922966463803426507e+01
-7.800000000000068212e+01	-2.912447684893513866e+01
-7.790000000000068781e+01	-2.901982268564504608e+01
-7.780000000000069349e+01	-2.891570367655679519e+01
-7.770000000000069917e+01	-2.881212122768711836e+01
-7.760000000000070486e+01	-2.870907662938817850e+01
-7.750000000000071054e+01	-2.860657106278907946e+01
-7.740000000000071623e+01	-2.850460560598030568e+01
-7.730000000000072191e+01	-2.840318123994622113e+01
-7.720000000000072760e+01	-2.830229885426122394e+01
-7.710000000000073328e+01	-2.820195925255405456e+01
-7.700000000000073896e+01	-2.810216315774999174e+01
-7.690000000000074465e+01	-2.800291121710229447e+01
-7.680000000000075033e+01	-2.790420400701663795e+01
-7.670000000000075602e+01	-2.780604203768166371e+01
-7.660000000000076170e+01	-2.770842575750836900e+01
-7.650000000000076739e+01	-2.761135555739099345e+01
-7.640000000000077307e+01	-2.751483177479123654e+01
-7.630000000000077875e+01	-2.741885469765803407e+01
-7.620000000000078444e+01	-2.732342456818534515e+01
-7.610000000000079012e+01	-2.722854158641752420e+01
-7.600000000000079581e+01	-2.713420591370689294e+01
-7.590000000000080149e+01	-2.704041767602961244e+01
-7.580000000000080718e+01	-2.694717696716656263e+01
-7.570000000000081286e+01	-2.685448385175432051e+01
-7.560000000000081855e+01	-2.676233836821182877e+01
-7.550000000000082423e+01	-2.667074053154703961e+01
-7.540000000000082991e+01	-2.657969033605005649e+01
-7.530000000000083560e+01	-2.648918775787702629e+01
-7.520000000000084128e+01	-2.639923275752831344e+01
-7.510000000000084697e+01	-2.630982528222776651e+01
-7.500000000000085265e+01	-2.622096526820440232e+01
-7.490000000000085834e+01	-2.613265264288399692e+01
-7.480000000000086402e+01	-2.604488732699106990e+01
-7.470000000000086970e+01	-2.595766923656873360e+01
-7.460000000000087539e+01	-2.587099828491639641e+01
-7.450000000000088107e+01	-2.578487438445175428e+01
-7.440000000000088676e+01	-2.569929744849951092e+01
-7.430000000000089244e+01	-2.561426739300951994e+01
-7.420000000000089813e+01	-2.552978413820827797e+01
-7.410000000000090381e+01	-2.544584761018639796e+01
-7.400000000000090949e+01	-2.536245774242553708e+01
-7.390000000000091518e+01	-2.527961447726663735e+01
-7.380000000000092086e+01	-2.519731776732313833e+01
-7.370000000000092655e+01	-2.511556757684163088e+01
-7.360000000000093223e+01	-2.503436388301114590e+01
-7.350000000000093792e+01	-2.495370667722610492e+01
-7.340000000000094360e+01	-2.487359596630228253e+01
-7.330000000000094929e+01	-2.479403177365059108e+01
-7.320000000000095497e+01	-2.471501414040880107e+01
-7.310000000000096065e+01	-2.463654312653476097e+01
-7.300000000000096634e+01	-2.455861881186238094e+01
-7.290000000000097202e+01	-2.448124129712244823e+01
-7.280000000000097771e+01	-2.440441070493005071e+01
-7.270000000000098339e+01	-2.432812718074070091e+01
-7.260000000000098908e+01	-2.425239089377675938e+01
-7.250000000000099476e+01	-2.417720203792535472e+01
-7.240000000000100044e+01	-2.410256083261030824e+01
-7.230000000000100613e+01	-2.402846752363871374e+01
-7.220000000000101181e+01	-2.395492238402459151e+01
-7.210000000000101750e+01	-2.388192571478998616e+01
-7.200000000000102318e+01	-2.380947784574609472e+01
-7.190000000000102887e+01	-2.373757913625480498e+01
-7.180000000000103455e+01	-2.366622997597236377e+01
-7.170000000000104023e+01	-2.359543078557670981e+01
-7.160000000000104592e+01	-2.352518201747941262e+01
-7.150000000000105160e+01	-2.345548415652286423e+01
-7.140000000000105729e+01	-2.338633772066551586e+01
-7.130000000000106297e+01	-2.331774326165426459e+01
-7.120000000000106866e+01	-2.324970136568669332e+01
-7.110000000000107434e+01	-2.318221265406335974e+01
-7.100000000000108002e+01	-2.311527778383155862e+01
-7.090000000000108571e+01	-2.304889744842135357e+01
-7.080000000000109139e+01	-2.298307237827508587e+01
-7.070000000000109708e+01	-2.291780334147113507e+01
-7.060000000000110276e+01	-2.285309114434314637e+01
-7.050000000000110845e+01	-2.278893663209506926e+01
-7.040000000000111413e+01	-2.272534068941390473e+01
-7.030000000000111982e+01	-2.266230424108008634e+01
-7.020000000000112550e+01	-2.259982825257671379e+01
-7.010000000000113118e+01	-2.253791373069913107e+01
-7.000000000000113687e+01	-2.247656172416428788e+01
-6.990000000000114255e+01	-2.241577332422222568e+01
-6.980000000000114824e+01	-2.235554966526965615e+01
-6.970000000000115392e+01	-2.229589192546661280e+01
-6.960000000000115961e+01	-2.223680132735723092e+01
-6.950000000000116529e+01	-2.217827913849482968e+01
-6.940000000000117097e+01	-2.212032667207331826e+01
-6.930000000000117666e+01	-2.206294528756416895e+01
-6.920000000000118234e+01	-2.200613639136095756e+01
-6.910000000000118803e+01	-2.194990143743186906e+01
-6.900000000000119371e+01	-2.189424192798083624e+01
-6.890000000000119940e+01	-2.183915941411821748e+01
-6.880000000000120508e+01	-2.178465549654196565e+01
-6.870000000000121076e+01	-2.173073182622966115e+01
-6.860000000000121645e+01	-2.167739010514302578e+01
-6.850000000000122213e+01	-2.162463208694457251e+01
-6.840000000000122782e+01	-2.157245957772826372e+01
-6.830000000000123350e+01	-2.152087443676467515e+01
-6.820000000000123919e+01	-2.146987857726112736e+01
-6.810000000000124487e+01	-2.141947396713801410e+01
-6.800000000000125056e+01	-2.136966262982245723e+01
-6.790000000000125624e+01	-2.132044664505934151e+01
-6.780000000000126192e+01	-2.127182814974140967e+01
-6.770000000000126761e+01	-2.122380933875918529e+01
-6.760000000000127329e+01	-2.117639246587091861e+01
-6.750000000000127898e+01	-2.112957984459486482e+01
-6.740000000000128466e+01	-2.108337384912340795e+01
-6.730000000000129035e+01	-2.103777691526124016e+01
-6.720000000000129603e+01	-2.099279154138763914e+01
-6.710000000000130171e+01	-2.094842028944472645e+01
-6.700000000000130740e+01	-2.090466578595206215e+01
-6.690000000000131308e+01	-2.086153072304918510e+01
-6.680000000000131877e+01	-2.081901785956713269e+01
-6.670000000000132445e+01	-2.077713002212963644e+01
-6.660000000000133014e+01	-2.073587010628607885e+01
-6.650000000000133582e+01	-2.069524107767666266e+01
-6.640000000000134150e+01	-2.065524597323145173e+01
-6.630000000000134719e+01	-2.061588790240438129e+01
-6.620000000000135287e+01	-2.057717004844413111e+01
-6.610000000000135856e+01	-2.053909566970244072e+01
-6.600000000000136424e+01	-2.050166810098200187e+01
-6.590000000000136993e+01	-2.046489075492541687e+01
-6.580000000000137561e+01	-2.042876712344612855e+01
-6.570000000000138130e+01	-2.039330077920396178e+01
-6.560000000000138698e+01	-2.035849537712606150e+01
-6.550000000000139266e+01	-2.032435465597555080e+01
-6.540000000000139835e+01	-2.029088243996948648e+01
-6.530000000000140403e+01	-2.025808264044805540e+01
-6.520000000000140972e+01	-2.022595925759714675e+01
-6.510000000000141540e+01	-2.019451638222587420e+01
-6.500000000000142109e+01	-2.016375819760200727e+01
-6.490000000000142677e+01	-2.013368898134651630e+01
-6.480000000000143245e+01	-2.010431310739054211e+01
-6.470000000000143814e+01	-2.007563504799651355e+01
-6.460000000000144382e+01	-2.004765937584616964e+01
-6.450000000000144951e+01	-2.002039076619821856e+01
-6.440000000000145519e+01	-1.999383399911820902e+01
-6.430000000000146088e+01	-1.996799396178360197e+01
-6.420000000000146656e+01	-1.994287565086690961e+01
-6.410000000000147224e+01	-1.991848417500025192e+01
-6.400000000000147793e+01	-1.989482475732435418e+01
-6.390000000000148361e+01	-1.987190273812547048e+01
-6.380000000000148930e+01	-1.984972357756400996e+01
-6.370000000000149498e+01	-1.982829285849844325e+01
-6.360000000000150067e+01	-1.980761628940821595e+01
-6.350000000000150635e+01	-1.978769970742027340e+01
-6.340000000000151203e+01	-1.976854908144320788e+01
-6.330000000000151772e+01	-1.975017051541332691e+01
-6.320000000000152340e+01	-1.973257025165787937e+01
-6.310000000000152909e+01	-1.971575467438005091e+01
-6.300000000000153477e+01	-1.969973031327103641e+01
-6.290000000000154046e+01	-1.968450384725474578e+01
-6.280000000000154614e+01	-1.967008210837060744e+01
-6.270000000000155183e+01	-1.965647208580112348e+01
-6.260000000000155751e+01	-1.964368093004969751e+01
-6.250000000000156319e+01	-1.963171595727616392e+01
-6.240000000000156888e+01	-1.962058465379651295e+01
-6.230000000000157456e+01	-1.961029468075468785e+01
-6.220000000000158025e+01	-1.960085387897362352e+01
-6.210000000000158593e+01	-1.959227027399452226e+01
-6.200000000000159162e+01	-1.958455208131205794e+01
-6.190000000000159730e+01	-1.957770771181566971e+01
-6.180000000000160298e+01	-1.957174577744554966e+01
-6.170000000000160867e+01	-1.956667509707421360e+01
-6.160000000000161435e+01	-1.956250470262389385e+01
-6.150000000000162004e+01	-1.955924384543134664e+01
-6.140000000000162572e+01	-1.955690200287181568e+01
-6.130000000000163141e+01	-1.955548888525472861e+01
-6.120000000000163709e+01	-1.955501444300471547e+01
-6.110000000000164277e+01	-1.955548887414181536e+01
-6.100000000000164846e+01	-1.955692263207593840e+01
-6.090000000000165414e+01	-1.955932643373116520e+01
-6.080000000000165983e+01	-1.956271126801703275e+01
-6.070000000000166551e+01	-1.956708840466413335e+01
-6.060000000000167120e+01	-1.957246940344309749e+01
-6.050000000000167688e+01	-1.957886612378691993e+01
-6.040000000000168257e+01	-1.958629073483766447e+01
-6.030000000000168825e+01	-1.959475572594019965e+01
-6.020000000000169393e+01	-1.960427391760675064e+01
-6.010000000000169962e+01	-1.961485847297797847e+01
-6.000000000000170530e+01	-1.962652290980721048e+01
-5.990000000000171099e+01	-1.963928111299692958e+01
-5.980000000000171667e+01	-1.965314734771800431e+01
-5.970000000000172236e+01	-1.966813627314447643e+01
-5.960000000000172804e+01	-1.968426295683861582e+01
-5.950000000000173372e+01	-1.970154288982329049e+01
-5.940000000000173941e+01	-1.971999200238156646e+01
-5.930000000000174509e+01	-1.973962668062568326e+01
-5.920000000000175078e+01	-1.976046378388068803e+01
-5.910000000000175646e+01	-1.978252066293124756e+01
-5.900000000000176215e+01	-1.980581517918335521e+01
-5.890000000000176783e+01	-1.983036572479628035e+01
-5.880000000000177351e+01	-1.985619124384454537e+01
-5.870000000000177920e+01	-1.988331125457325399e+01
-5.860000000000178488e+01	-1.991174587281540909e+01
-5.850000000000179057e+01	-1.994151583664479688e+01
-5.840000000000179625e+01	-1.997264253234297016e+01
-5.830000000000180194e+01	-2.000514802176546070e+01
-5.820000000000180762e+01	-2.003905507119873874e+01
-5.810000000000181331e+01	-2.007438718180595316e+01
-5.800000000000181899e+01	-2.011116862176775655e+01
-5.790000000000182467e+01	-2.014942446023258782e+01
-5.780000000000183036e+01	-2.018918060320009289e+01
-5.770000000000183604e+01	-2.023046383147095639e+01
-5.760000000000184173e+01	-2.027330184080788200e+01
-5.750000000000184741e+01	-2.031772328446375653e+01
-5.740000000000185310e+01	-2.036375781824672160e+01
-5.730000000000185878e+01	-2.041143614830572517e+01
-5.720000000000186446e+01	-2.046079008183601644e+01
-5.710000000000187015e+01	-2.051185258092136721e+01
-5.700000000000187583e+01	-2.056465781974902995e+01
-5.690000000000188152e+01	-2.061924124545373971e+01
-5.680000000000188720e+01	-2.067563964287096923e+01
-5.670000000000189289e+01	-2.073389120350476844e+01
-5.660000000000189857e+01	-2.079403559904350018e+01
-5.650000000000190425e+01	-2.085611405978870891e+01
-5.640000000000190994e+01	-2.092016945839619524e+01
-5.630000000000191562e+01	-2.098624639936746306e+01
-5.620000000000192131e+01	-2.105439131477175607e+01
-5.610000000000192699e+01	-2.112465256672731329e+01
-5.600000000000193268e+01	-2.119708055722254514e+01
-5.590000000000193836e+01	-2.127172784591747501e+01
-5.580000000000194404e+01	-2.134864927663219802e+01
-5.570000000000194973e+01	-2.142790211330236616e+01
-5.560000000000195541e+01	-2.150954618626583326e+01
-5.550000000000196110e+01	-2.159364404983689667e+01
-5.540000000000196678e+01	-2.168026115223051775e+01
-5.530000000000197247e+01	-2.176946601901691025e+01
-5.520000000000197815e+01	-2.186133045142078757e+01
-5.510000000000198384e+01	-2.195592974093072414e+01
-5.500000000000198952e+01	-2.205334290185680146e+01
-5.490000000000199520e+01	-2.215365292366806216e+01
-5.480000000000200089e+01	-2.225694704516535438e+01
-5.470000000000200657e+01	-2.236331705279694404e+01
-5.460000000000201226e+01	-2.247285960571513996e+01
-5.450000000000201794e+01	-2.258567659050397936e+01
-5.440000000000202363e+01	-2.270187550888921635e+01
-5.430000000000202931e+01	-2.282156990218187786e+01
-5.420000000000203499e+01	-2.294487981671396426e+01
-5.410000000000204068e+01	-2.307193231511178055e+01
-5.400000000000204636e+01	-2.320286203893465071e+01
-5.390000000000205205e+01	-2.333781182900052187e+01
-5.380000000000205773e+01	-2.347693341064639583e+01
-5.370000000000206342e+01	-2.362038815225691479e+01
-5.360000000000206910e+01	-2.376834790666995190e+01
-5.350000000000207478e+01	-2.392099594657052108e+01
-5.340000000000208047e+01	-2.407852800676263172e+01
-5.330000000000208615e+01	-2.424115344831969665e+01
-5.320000000000209184e+01	-2.440909656212901879e+01
-5.310000000000209752e+01	-2.458259803235469221e+01
-5.300000000000210321e+01	-2.476191658395935491e+01
-5.290000000000210889e+01	-2.494733084278447066e+01
-5.280000000000211458e+01	-2.513914144197684664e+01
-5.270000000000212026e+01	-2.533767341498350945e+01
-5.260000000000212594e+01	-2.554327892321555993e+01
-5.250000000000213163e+01	-2.575634037617232508e+01
-5.240000000000213731e+01	-2.597727401380627299e+01
-5.230000000000214300e+01	-2.620653403582707952e+01
-5.220000000000214868e+01	-2.644461738132280360e+01
-5.210000000000215437e+01	-2.669206928561385084e+01
-5.200000000000216005e+01	-2.694948977113124755e+01
-5.190000000000216573e+01	-2.721754126729523549e+01
-5.180000000000217142e+01	-2.749695760357499097e+01
-5.170000000000217710e+01	-2.778855468383508409e+01
-5.160000000000218279e+01	-2.809324323387080113e+01
-5.150000000000218847e+01	-2.841204412493319253e+01
-5.140000000000219416e+01	-2.874610692432800363e+01
-5.130000000000219984e+01	-2.909673252463516491e+01
-5.120000000000220552e+01	-2.946540097735897490e+01
-5.110000000000221121e+01	-2.985380603692299673e+01
-5.100000000000221689e+01	-3.026389845515801014e+01
-5.090000000000222258e+01	-3.069794082888597586e+01
-5.080000000000222826e+01	-3.115857790976237851e+01
-5.070000000000223395e+01	-3.164892792143526279e+01
-5.060000000000223963e+01	-3.217270289737054156e+01
-5.050000000000224532e+01	-3.273436986245475566e+01
-5.040000000000225100e+01	-3.333937071306656463e+01
-5.030000000000225668e+01	-3.399442847684356650e+01
-5.020000000000226237e+01	-3.470798417207000597e+01
-5.010000000000226805e+01	-3.549083738096562257e+01
-5.000000000000227374e+01	-3.635711636510715294e+01
-4.990000000000227942e+01	-3.732580473965838053e+01
-4.980000000000228511e+01	-3.842325812416069652e+01
-4.970000000000229079e+01	-3.968759751130808411e+01
-4.960000000000229647e+01	-4.117695806047027673e+01
-4.950000000000230216e+01	-4.298653556220362049e+01
-4.940000000000230784e+01	-4.528882698079813451e+01
-4.930000000000231353e+01	-4.844966187364885712e+01
-4.920000000000231921e+01	-5.350244104532087874e+01
-4.910000000000232490e+01	-6.717413254643122400e+01
-4.900000000000233058e+01	-5.809859269279109384e+01
-4.890000000000233626e+01	-5.064960150105304137e+01
-4.880000000000234195e+01	-4.668662129702247654e+01
-4.870000000000234763e+01	-4.396643420545327530e+01
-4.860000000000235332e+01	-4.189133367589831636e+01
-4.850000000000235900e+01	-4.021238266809567108e+01
-4.840000000000236469e+01	-3.880178382928576042e+01
-4.830000000000237037e+01	-3.758514543986368039e+01
-4.820000000000237605e+01	-3.651533165148479299e+01
-4.810000000000238174e+01	-3.556058591528584145e+01
-4.800000000000238742e+01	-3.469849243681363049e+01
-4.790000000000239311e+01	-3.391263821015747482e+01
-4.780000000000239879e+01	-3.319064457996712747e+01
-4.770000000000240448e+01	-3.252294489209157291e+01
-4.760000000000241016e+01	-3.190199267212910783e+01
-4.750000000000241585e+01	-3.132173028096038081e+01
-4.740000000000242153e+01	-3.077722154096051099e+01
-4.730000000000242721e+01	-3.026439112609877924e+01
-4.720000000000243290e+01	-2.977983552002383050e+01
-4.710000000000243858e+01	-2.932068318059937084e+01
-4.700000000000244427e+01	-2.888448929883651672e+01
-4.690000000000244995e+01	-2.846915536462084262e+01
-4.680000000000245564e+01	-2.807286683735281230e+01
-4.670000000000246132e+01	-2.769404424128865116e+01
-4.660000000000246700e+01	-2.733130435876162423e+01
-4.650000000000247269e+01	-2.698342911827767310e+01
-4.640000000000247837e+01	-2.664934041626016992e+01
-4.630000000000248406e+01	-2.632807956429518015e+01
-4.620000000000248974e+01	-2.601879037830279984e+01
-4.610000000000249543e+01	-2.572070516174492383e+01
-4.600000000000250111e+01	-2.543313300824924283e+01
-4.590000000000250679e+01	-2.515544997788676795e+01
-4.580000000000251248e+01	-2.488709079820003112e+01
-4.570000000000251816e+01	-2.462754181460542924e+01
-4.560000000000252385e+01	-2.437633497112733139e+01
-4.550000000000252953e+01	-2.413304264596013837e+01
-4.540000000000253522e+01	-2.389727320027564872e+01
-4.530000000000254090e+01	-2.366866712531943762e+01
-4.520000000000254659e+01	-2.344689369389652356e+01
-4.510000000000255227e+01	-2.323164803910582066e+01
-4.500000000000255795e+01	-2.302264859660918006e+01
-4.490000000000256364e+01	-2.281963485754030430e+01
-4.480000000000256932e+01	-2.262236538793043650e+01
-4.470000000000257501e+01	-2.243061607767276655e+01
-4.460000000000258069e+01	-2.224417858790324587e+01
-4.450000000000258638e+01	-2.206285897049190936e+01
-4.440000000000259206e+01	-2.188647643732524983e+01
-4.430000000000259774e+01	-2.171486226036733314e+01
-4.420000000000260343e+01	-2.154785878625082773e+01
-4.410000000000260911e+01	-2.138531855145775040e+01
-4.400000000000261480e+01	-2.122710348609579611e+01
-4.390000000000262048e+01	-2.107308419591550219e+01
-4.380000000000262617e+01	-2.092313931360226675e+01
-4.370000000000263185e+01	-2.077715491155769456e+01
-4.360000000000263753e+01	-2.063502396939120942e+01
-4.350000000000264322e+01	-2.049664589020287764e+01
-4.340000000000264890e+01	-2.036192606047748299e+01
-4.330000000000265459e+01	-2.023077544904333891e+01
-4.320000000000266027e+01	-2.010311024109878986e+01
-4.310000000000266596e+01	-1.997885150378286312e+01
-4.300000000000267164e+01	-1.985792488017646917e+01
-4.290000000000267733e+01	-1.974026030898004436e+01
-4.280000000000268301e+01	-1.962579176742320541e+01
-4.270000000000268869e+01	-1.951445703523593167e+01
-4.260000000000269438e+01	-1.940619747774726989e+01
-4.250000000000270006e+01	-1.930095784638956147e+01
-4.240000000000270575e+01	-1.919868609506765722e+01
-4.230000000000271143e+01	-1.909933321101672732e+01
-4.220000000000271712e+01	-1.900285305891580379e+01
-4.210000000000272280e+01	-1.890920223714949344e+01
-4.200000000000272848e+01	-1.881833994522555997e+01
-4.190000000000273417e+01	-1.873022786145414642e+01
-4.180000000000273985e+01	-1.864483003008516704e+01
-4.170000000000274554e+01	-1.856211275717928544e+01
-4.160000000000275122e+01	-1.848204451455970343e+01
-4.150000000000275691e+01	-1.840459585125592312e+01
-4.140000000000276259e+01	-1.832973931190784356e+01
-4.130000000000276827e+01	-1.825744936165074961e+01
-4.120000000000277396e+01	-1.818770231704820262e+01
-4.110000000000277964e+01	-1.812047628268221189e+01
-4.100000000000278533e+01	-1.805575109304852077e+01
-4.090000000000279101e+01	-1.799350825943965759e+01
-4.080000000000279670e+01	-1.793373092153048987e+01
-4.070000000000280238e+01	-1.787640380340959467e+01
-4.060000000000280806e+01	-1.782151317382748701e+01
-4.050000000000281375e+01	-1.776904681045640189e+01
-4.040000000000281943e+01	-1.771899396798008297e+01
-4.030000000000282512e+01	-1.767134534985256522e+01
-4.020000000000283080e+01	-1.762609308358539550e+01
-4.010000000000283649e+01	-1.758323069944063377e+01
-4.000000000000284217e+01	-1.754275311242548341e+01
-3.990000000000284786e+01	-1.750465660750014507e+01
-3.980000000000285354e+01	-1.746893882792736363e+01
-3.970000000000285922e+01	-1.743559876670669340e+01
-3.960000000000286491e+01	-1.740463676105206758e+01
-3.950000000000287059e+01	-1.737605448988535528e+01
-3.940000000000287628e+01	-1.734985497433333279e+01
-3.930000000000288196e+01	-1.732604258122951890e+01
-3.920000000000288765e+01	-1.730462302963621823e+01
-3.910000000000289333e+01	-1.728560340041759602e+01
-3.900000000000289901e+01	-1.726899214890773138e+01
-3.890000000000290470e+01	-1.725479912073402033e+01
-3.880000000000291038e+01	-1.724303557087058181e+01
-3.870000000000291607e+01	-1.723371418601339755e+01
-3.860000000000292175e+01	-1.722684911038514244e+01
-3.850000000000292744e+01	-1.722245597509557768e+01
-3.840000000000293312e+01	-1.722055193120254302e+01
-3.830000000000293880e+01	-1.722115568663827290e+01
-3.820000000000294449e+01	-1.722428754718743704e+01
-3.810000000000295017e+01	-1.722996946172666810e+01
-3.800000000000295586e+01	-1.723822507196027942e+01
-3.790000000000296154e+01	-1.724907976691376277e+01
-3.780000000000296723e+01	-1.726256074247731220e+01
-3.770000000000297291e+01	-1.727869706632258584e+01
-3.760000000000297860e+01	-1.729751974855282270e+01
-3.750000000000298428e+01	-1.731906181848494697e+01
-3.740000000000298996e+01	-1.734335840800504513e+01
-3.730000000000299565e+01	-1.737044684198712119e+01
-3.720000000000300133e+01	-1.740036673631707487e+01
-3.710000000000300702e+01	-1.743316010412319628e+01
-3.700000000000301270e+01	-1.746887147087907977e+01
-3.690000000000301839e+01	-1.750754799911864268e+01
-3.680000000000302407e+01	-1.754923962358341782e+01
-3.670000000000302975e+01	-1.759399919771462351e+01
-3.660000000000303544e+01	-1.764188265250427889e+01
-3.650000000000304112e+01	-1.769294916883539059e+01
-3.640000000000304681e+01	-1.774726136457114833e+01
-3.630000000000305249e+01	-1.780488549780016072e+01
-3.620000000000305818e+01	-1.786589168781078740e+01
-3.610000000000306386e+01	-1.793035415555706180e+01
-3.600000000000306954e+01	-1.799835148559217757e+01
-3.590000000000307523e+01	-1.806996691169181801e+01
-3.580000000000308091e+01	-1.814528862866710313e+01
-3.570000000000308660e+01	-1.822441013318864123e+01
-3.560000000000309228e+01	-1.830743059680862928e+01
-3.550000000000309797e+01	-1.839445527479221099e+01
-3.540000000000310365e+01	-1.848559595485482632e+01
-3.530000000000310934e+01	-1.858097145046710352e+01
-3.520000000000311502e+01	-1.868070814404181235e+01
-3.510000000000312070e+01	-1.878494058607778427e+01
-3.500000000000312639e+01	-1.889381215722238849e+01
-3.490000000000313207e+01	-1.900747580125125324e+01
-3.480000000000313776e+01	-1.912609483818189204e+01
-3.470000000000314344e+01	-1.924984386817163795e+01
-3.460000000000314913e+01	-1.937890977854416974e+01
-3.450000000000315481e+01	-1.951349286829910312e+01
-3.440000000000316049e+01	-1.965380810684939661e+01
-3.430000000000316618e+01	-1.980008654659010503e+01
-3.420000000000317186e+01	-1.995257691233081232e+01
-3.410000000000317755e+01	-2.011154739475496456e+01
-3.400000000000318323e+01	-2.027728768007124671e+01
-3.390000000000318892e+01	-2.045011125410208308e+01
-3.380000000000319460e+01	-2.063035802648711226e+01
-3.370000000000320028e+01	-2.081839732980627389e+01
-3.360000000000320597e+01	-2.101463135970440632e+01
-3.350000000000321165e+01	-2.121949913610198379e+01
-3.340000000000321734e+01	-2.143348108308451216e+01
-3.330000000000322302e+01	-2.165710434707793297e+01
-3.320000000000322871e+01	-2.189094900080434769e+01
-3.310000000000323439e+01	-2.213565531608175263e+01
-3.300000000000324007e+01	-2.239193233425693563e+01
-3.290000000000324576e+01	-2.266056802232331080e+01
-3.280000000000325144e+01	-2.294244138025625901e+01
-3.270000000000325713e+01	-2.323853696735451990e+01
-3.260000000000326281e+01	-2.354996245168834790e+01
-3.250000000000326850e+01	-2.387796997044145186e+01
-3.240000000000327418e+01	-2.422398233936376499e+01
-3.230000000000327987e+01	-2.458962549530572517e+01
-3.220000000000328555e+01	-2.497676903976097407e+01
-3.210000000000329123e+01	-2.538757743891789076e+01
-3.200000000000329692e+01	-2.582457542868227307e+01
-3.190000000000330260e+01	-2.629073263307690667e+01
-3.180000000000330829e+01	-2.678957459394867868e+01
-3.170000000000331397e+01	-2.732533076666842931e+01
-3.160000000000331966e+01	-2.790313531082336240e+01
-3.150000000000332534e+01	-2.852930502451604156e+01
-3.140000000000333102e+01	-2.921173297081055154e+01
-3.130000000000333671e+01	-2.996046087629038013e+01
-3.120000000000334239e+01	-3.078853755476936271e+01
-3.110000000000334808e+01	-3.171335410371140284e+01
-3.100000000000335376e+01	-3.275881380123371400e+01
-3.090000000000335945e+01	-3.395905355338042853e+01
-3.080000000000336513e+01	-3.536527385369574716e+01
-3.070000000000337081e+01	-3.705943016305721471e+01
-3.060000000000337650e+01	-3.918518943320940195e+01
-3.050000000000338218e+01	-4.203140148449139701e+01
-3.040000000000338787e+01	-4.633314715921191862e+01
-3.030000000000339355e+01	-5.533825360387284320e+01
-3.020000000000339924e+01	-5.693429739452415106e+01
-3.010000000000340492e+01	-4.678898821809167430e+01
-3.000000000000341061e+01	-4.221511647585891325e+01
-2.990000000000341629e+01	-3.922028369933870096e+01
-2.980000000000342197e+01	-3.698706442091825153e+01
-2.970000000000342766e+01	-3.520416864249921218e+01
-2.960000000000343334e+01	-3.371930354114083173e+01
-2.950000000000343903e+01	-3.244649134007539715e+01
-2.940000000000344471e+01	-3.133240457043602234e+01
-2.930000000000345040e+01	-3.034167708629638227e+01
-2.920000000000345608e+01	-2.944964660134160539e+01
-2.910000000000346176e+01	-2.863842879705444489e+01
-2.900000000000346745e+01	-2.789464112034410803e+01
-2.890000000000347313e+01	-2.720800853166812772e+01
-2.880000000000347882e+01	-2.657047046462924200e+01
-2.870000000000348450e+01	-2.597558721229848899e+01
-2.860000000000349019e+01	-2.541813280157487398e+01
-2.850000000000349587e+01	-2.489380818920163918e+01
-2.840000000000350155e+01	-2.439903447918194601e+01
-2.830000000000350724e+01	-2.393080077993614552e+01
-2.820000000000351292e+01	-2.348655024230717814e+01
-2.810000000000351861e+01	-2.306409332821862890e+01
-2.800000000000352429e+01	-2.266154085717658617e+01
-2.790000000000352998e+01	-2.227725165410077679e+01
-2.780000000000353566e+01	-2.190979113681098056e+01
-2.770000000000354134e+01	-2.155789820997467388e+01
-2.760000000000354703e+01	-2.122045854335522108e+01
-2.750000000000355271e+01	-2.089648281193308677e+01
-2.740000000000355840e+01	-2.058508883202634010e+01
-2.730000000000356408e+01	-2.028548678546701467e+01
-2.720000000000356977e+01	-1.999696691286712280e+01
-2.710000000000357545e+01	-1.971888919709850541e+01
-2.700000000000358114e+01	-1.945067466309703974e+01
-2.690000000000358682e+01	-1.919179799958277144e+01
-2.680000000000359250e+01	-1.894178126902606607e+01
-2.670000000000359819e+01	-1.870018851901790313e+01
-2.660000000000360387e+01	-1.846662114460443505e+01
-2.650000000000360956e+01	-1.824071387966228031e+01
-2.640000000000361524e+01	-1.802213131789302736e+01
-2.630000000000362093e+01	-1.781056488189468467e+01
-2.620000000000362661e+01	-1.760573017306408872e+01
-2.610000000000363229e+01	-1.740736464658822769e+01
-2.600000000000363798e+01	-1.721522556509080104e+01
-2.590000000000364366e+01	-1.702908819207508628e+01
-2.580000000000364935e+01	-1.684874419250003896e+01
-2.570000000000365503e+01	-1.667400021291897261e+01
-2.560000000000366072e+01	-1.650467661781753392e+01
-2.550000000000366640e+01	-1.634060636227609820e+01
-2.540000000000367208e+01	-1.618163398399086006e+01
-2.530000000000367777e+01	-1.602761470011935074e+01
-2.520000000000368345e+01	-1.587841359646107975e+01
-2.510000000000368914e+01	-1.573390489820548410e+01
-2.500000000000369482e+01	-1.559397131293909666e+01
-2.490000000000370051e+01	-1.545850343784083236e+01
-2.480000000000370619e+01	-1.532739922405038158e+01
-2.470000000000371188e+01	-1.520056349209660240e+01
-2.460000000000371756e+01	-1.507790749304650113e+01
-2.450000000000372324e+01	-1.495934851070149385e+01
-2.440000000000372893e+01	-1.484480950074190986e+01
-2.430000000000373461e+01	-1.473421876321851798e+01
-2.420000000000374030e+01	-1.462750964522128605e+01
-2.410000000000374598e+01	-1.452462027093235974e+01
-2.400000000000375167e+01	-1.442549329659802027e+01
-2.390000000000375735e+01	-1.433007568824315392e+01
-2.380000000000376303e+01	-1.423831852020406252e+01
-2.370000000000376872e+01	-1.415017679277898388e+01
-2.360000000000377440e+01	-1.406560926749307328e+01
-2.350000000000378009e+01	-1.398457831864983092e+01
-2.340000000000378577e+01	-1.390704979999737745e+01
-2.330000000000379146e+01	-1.383299292547778769e+01
-2.320000000000379714e+01	-1.376238016315360291e+01
-2.310000000000380282e+01	-1.369518714151936578e+01
-2.300000000000380851e+01	-1.363139256750920403e+01
-2.290000000000381419e+01	-1.357097815560621079e+01
-2.280000000000381988e+01	-1.351392856754609362e+01
-2.270000000000382556e+01	-1.346023136218849103e+01
-2.260000000000383125e+01	-1.340987695520446721e+01
-2.250000000000383693e+01	-1.336285858830011009e+01
-2.240000000000384262e+01	-1.331917230776381444e+01
-2.230000000000384830e+01	-1.327881695219015334e+01
-2.220000000000385398e+01	-1.324179414929663245e+01
-2.210000000000385967e+01	-1.320810832181240357e+01
-2.200000000000386535e+01	-1.317776670247996762e+01
-2.190000000000387104e+01	-1.315077935827399180e+01
-2.180000000000387672e+01	-1.312715922400506052e+01
-2.170000000000388241e+01	-1.310692214554243407e+01
-2.160000000000388809e+01	-1.309008693295849390e+01
-2.150000000000389377e+01	-1.307667542397007843e+01
-2.140000000000389946e+01	-1.306671255812890742e+01
-2.130000000000390514e+01	-1.306022646229582485e+01
-2.120000000000391083e+01	-1.305724854802299362e+01
-2.110000000000391651e+01	-1.305781362156515080e+01
-2.100000000000392220e+01	-1.306196000734783524e+01
-2.090000000000392788e+01	-1.306972968583770545e+01
-2.080000000000393356e+01	-1.308116844689038061e+01
-2.070000000000393925e+01	-1.309632605979608755e+01
-2.060000000000394493e+01	-1.311525646140575141e+01
-2.050000000000395062e+01	-1.313801796390201204e+01
-2.040000000000395630e+01	-1.316467348398540338e+01
-2.030000000000396199e+01	-1.319529079547786488e+01
-2.020000000000396767e+01	-1.322994280760989483e+01
-2.010000000000397335e+01	-1.326870787155777975e+01
-2.000000000000397904e+01	-1.331167011814073042e+01
-1.990000000000398472e+01	-1.335891982998095351e+01
-1.980000000000399041e+01	-1.341055385188161431e+01
-1.970000000000399609e+01	-1.346667604369899962e+01
-1.960000000000400178e+01	-1.352739778058746012e+01
-1.950000000000400746e+01	-1.359283850619476830e+01
-1.940000000000401315e+01	-1.366312634519853830e+01
-1.930000000000401883e+01	-1.373839878252322322e+01
-1.920000000000402451e+01	-1.381880341768839671e+01
-1.910000000000403020e+01	-1.390449880404418259e+01
-1.900000000000403588e+01	-1.399565538418858957e+01
-1.890000000000404157e+01	-1.409245653468176585e+01
-1.880000000000404725e+01	-1.419509973533388347e+01
-1.870000000000405294e+01	-1.430379788092007587e+01
-1.860000000000405862e+01	-1.441878075625942301e+01
-1.850000000000406430e+01	-1.454029669930131163e+01
-1.840000000000406999e+01	-1.466861448133579060e+01
-1.830000000000407567e+01	-1.480402543886930822e+01
-1.820000000000408136e+01	-1.494684589831683752e+01
-1.810000000000408704e+01	-1.509741994275558241e+01
-1.800000000000409273e+01	-1.525612257995008925e+01
-1.790000000000409841e+01	-1.542336338319512556e+01
-1.780000000000410409e+01	-1.559959069188536773e+01
-1.770000000000410978e+01	-1.578529647797125079e+01
-1.760000000000411546e+01	-1.598102200874279433e+01
-1.750000000000412115e+01	-1.618736446722602196e+01
-1.740000000000412683e+01	-1.640498473094502430e+01
-1.730000000000413252e+01	-1.663461656070926509e+01
-1.720000000000413820e+01	-1.687707751729946892e+01
-1.710000000000414389e+01	-1.713328201082793356e+01
-1.700000000000414957e+01	-1.740425700271050502e+01
-1.690000000000415525e+01	-1.769116103438273058e+01
-1.680000000000416094e+01	-1.799530746567010908e+01
-1.670000000000416662e+01	-1.831819309182703748e+01
-1.660000000000417231e+01	-1.866153370548235912e+01
-1.650000000000417799e+01	-1.902730872911224225e+01
-1.640000000000418368e+01	-1.941781784369919706e+01
-1.630000000000418936e+01	-1.983575370305934982e+01
-1.620000000000419504e+01	-2.028429654829356110e+01
-1.610000000000420073e+01	-2.076723914696284368e+01
-1.600000000000420641e+01	-2.128915452314037893e+01
-1.590000000000421210e+01	-2.185562536597864636e+01
-1.580000000000421778e+01	-2.247356450865191846e+01
-1.570000000000422347e+01	-2.315167363079658713e+01
-1.560000000000422915e+01	-2.390111853388303587e+01
-1.550000000000423483e+01	-2.473655660835002834e+01
-1.540000000000424052e+01	-2.567776285906737144e+01
-1.530000000000424620e+01	-2.675232877616562632e+01
-1.520000000000425189e+01	-2.800041445327084233e+01
-1.510000000000425757e+01	-2.948377060367779734e+01
-1.500000000000426326e+01	-3.130466465588016334e+01
-1.490000000000426894e+01	-3.365153312535444741e+01
-1.480000000000427463e+01	-3.693523586958589533e+01
-1.470000000000428031e+01	-4.238536840128585936e+01
-1.460000000000428599e+01	-6.118135114600512026e+01
-1.450000000000429168e+01	-4.451693646185258046e+01
-1.440000000000429736e+01	-3.781931348415977823e+01
-1.430000000000430305e+01	-3.404364784037781533e+01
-1.420000000000430873e+01	-3.139204242611334905e+01
-1.410000000000431442e+01	-2.934112049696664926e+01
-1.400000000000432010e+01	-2.766503496045601196e+01
-1.390000000000432578e+01	-2.624549926006442746e+01
-1.380000000000433147e+01	-2.501275407911609960e+01
-1.370000000000433715e+01	-2.392218821334786583e+01
-1.360000000000434284e+01	-2.294353695713800789e+01
-1.350000000000434852e+01	-2.205532153157709985e+01
-1.340000000000435421e+01	-2.124174613713840643e+01
-1.330000000000435989e+01	-2.049085440429726290e+01
-1.320000000000436557e+01	-1.979337764921834264e+01
-1.310000000000437126e+01	-1.914198504113481292e+01
-1.300000000000437694e+01	-1.853077830510122226e+01
-1.290000000000438263e+01	-1.795494109441649044e+01
-1.280000000000438831e+01	-1.741048948271062358e+01
-1.270000000000439400e+01	-1.689409048085719078e+01
-1.260000000000439968e+01	-1.640292746952022185e+01
-1.250000000000440536e+01	-1.593459870605373929e+01
-1.240000000000441105e+01	-1.548703960613267228e+01
-1.230000000000441673e+01	-1.505846241502545979e+01
-1.220000000000442242e+01	-1.464730879862111124e+01
-1.210000000000442810e+01	-1.425221216988500750e+01
-1.200000000000443379e+01	-1.387196744604924703e+01
-1.190000000000443947e+01	-1.350550654428665354e+01
-1.180000000000444516e+01	-1.315187835684390549e+01
-1.170000000000445084e+01	-1.281023225754281114e+01
-1.160000000000445652e+01	-1.247980441771547788e+01
-1.150000000000446221e+01	-1.215990637616829950e+01
-1.140000000000446789e+01	-1.184991543179435780e+01
-1.130000000000447358e+01	-1.154926652080347615e+01
-1.120000000000447926e+01	-1.125744531149204164e+01
-1.110000000000448495e+01	-1.097398230390207452e+01
-1.100000000000449063e+01	-1.069844776382762674e+01
-1.090000000000449631e+01	-1.043044735346716045e+01
-1.080000000000450200e+01	-1.016961834682713928e+01
-1.070000000000450768e+01	-9.915626338404941009e+00
-1.060000000000451337e+01	-9.668162369950014323e+00
-1.050000000000451905e+01	-9.426940413147130826e+00
-1.040000000000452474e+01	-9.191695156587005755e+00
-1.030000000000453042e+01	-8.962180053923038514e+00
-1.020000000000453610e+01	-8.738165597072402591e+00
-1.010000000000454179e+01	-8.519437784023079274e+00
-1.000000000000454747e+01	-8.305796755506451134e+00
-9.900000000004553158e+00	-8.097055578681835897e+00
-9.800000000004558842e+00	-7.893039159209752853e+00
-9.700000000004564527e+00	-7.693583265786370085e+00
-9.600000000004570211e+00	-7.498533653470740745e+00
-9.500000000004575895e+00	-7.307745274036147265e+00
-9.400000000004581580e+00	-7.121081563181082430e+00
-9.300000000004587264e+00	-6.938413795794319938e+00
-9.200000000004592948e+00	-6.759620501623616384e+00
-9.100000000004598633e+00	-6.584586934682816306e+00
-9.000000000004604317e+00	-6.413204590575013242e+00
-8.900000000004610001e+00	-6.245370766632394322e+00
-8.800000000004615686e+00	-6.080988160395824238e+00
-8.700000000004621370e+00	-5.919964502494244663e+00
-8.600000000004627054e+00	-5.762212220448466482e+00
-8.500000000004632739e+00	-5.607648130327058666e+00
-8.400000000004638423e+00	-5.456193153532520768e+00
-8.300000000004644107e+00	-5.307772056301431007e+00
-8.200000000004649792e+00	-5.162313209769237687e+00
-8.100000000004655476e+00	-5.019748368684112450e+00
-8.000000000004661160e+00	-4.880012467059474446e+00
-7.900000000004666845e+00	-4.743043429235159536e+00
-7.800000000004672529e+00	-4.608781994976335561e+00
-7.700000000004678213e+00	-4.477171557379492128e+00
-7.600000000004683898e+00	-4.348158012479157009e+00
-7.500000000004689582e+00	-4.221689619559053419e+00
-7.400000000004695266e+00	-4.097716871269127203e+00
-7.300000000004700951e+00	-3.976192372736821135e+00
-7.200000000004706635e+00	-3.857070728938424953e+00
-7.100000000004712319e+00	-3.740308439665534390e+00
-7.000000000004718004e+00	-3.625863801483265370e+00
-6.900000000004723688e+00	-3.513696816132423795e+00
-6.800000000004729372e+00	-3.403769104877204299e+00
-6.700000000004735057e+00	-3.296043828344737303e+00
-6.600000000004740741e+00	-3.190485611442613223e+00
-6.500000000004746425e+00	-3.087060472976875136e+00
-6.400000000004752110e+00	-2.985735759625182340e+00
-6.300000000004757794e+00	-2.886480083949449327e+00
-6.200000000004763479e+00	-2.789263266158688470e+00
-6.100000000004769163e+00	-2.694056279356851658e+00
-6.000000000004774847e+00	-2.600831198032219405e+00
-5.900000000004780532e+00	-2.509561149564699889e+00
-5.800000000004786216e+00	-2.420220268545337561e+00
-5.700000000004791900e+00	-2.332783653718608186e+00
-5.600000000004797585e+00	-2.247227327373045647e+00
-5.500000000004803269e+00	-2.163528197019250587e+00
-5.400000000004808953e+00	-2.081664019206663330e+00
-5.300000000004814638e+00	-2.001613365341903705e+00
-5.200000000004820322e+00	-1.923355589381676722e+00
-5.100000000004826006e+00	-1.846870797282821552e+00
-5.000000000004831691e+00	-1.772139818100697761e+00
-4.900000000004837375e+00	-1.699144176635021042e+00
-4.800000000004843059e+00	-1.627866067529681882e+00
-4.700000000004848744e+00	-1.558288330739639127e+00
-4.600000000004854428e+00	-1.490394428284294470e+00
-4.500000000004860112e+00	-1.424168422212295448e+00
-4.400000000004865797e+00	-1.359594953708130216e+00
-4.300000000004871481e+00	-1.296659223275514528e+00
-4.200000000004877165e+00	-1.235346971937158589e+00
-4.100000000004882850e+00	-1.175644463394647676e+00
-4.000000000004888534e+00	-1.117538467095784194e+00
-3.900000000004894218e+00	-1.061016242160558454e+00
-3.800000000004899903e+00	-1.006065522119933497e+00
-3.700000000004905587e+00	-9.526745004247806348e-01
-3.600000000004911271e+00	-9.008318166851109199e-01
-3.500000000004916956e+00	-8.505265436023156100e-01
-3.400000000004922640e+00	-8.017481745595820275e-01
-3.300000000004928324e+00	-7.544866118379480735e-01
-3.200000000004934009e+00	-7.087321554274605973e-01
-3.100000000004939693e+00	-6.644754924049917078e-01
-3.000000000004945377e+00	-6.217076868519877397e-01
-2.900000000004951062e+00	-5.804201702872139323e-01
-2.800000000004956746e+00	-5.406047325910955381e-01
-2.700000000004962430e+00	-5.022535133997781953e-01
-2.600000000004968115e+00	-4.653589939484700788e-01
-2.500000000004973799e+00	-4.299139893448058469e-01
-2.400000000004979483e+00	-3.959116412544111396e-01
-2.300000000004985168e+00	-3.633454109817875199e-01
-2.200000000004990852e+00	-3.322090729308695978e-01
-2.100000000004996537e+00	-3.024967084306026122e-01
-2.000000000005002221e+00	-2.742026999117787023e-01
-1.900000000005007905e+00	-2.473217254224138462e-01
-1.800000000005013590e+00	-2.218487534696785002e-01
-1.700000000005019274e+00	-1.977790381772777661e-01
-1.600000000005024958e+00	-1.751081147479898181e-01
-1.500000000005030643e+00	-1.538317952216860240e-01
-1.400000000005036327e+00	-1.339461645199790663e-01
-1.300000000005042011e+00	-1.154475767692493826e-01
-1.200000000005047696e+00	-9.833265189441098286e-02
-1.100000000005053380e+00	-8.259827247649084714e-02
-1.000000000005059064e+00	-6.824158086755144348e-02
-9.000000000050647486e-01	-5.525997655710737644e-02
-8.000000000050704330e-01	-4.365111378477758153e-02
-7.000000000050761173e-01	-3.341289939432440237e-02
-6.000000000050818016e-01	-2.454349092481804273e-02
-5.000000000050874860e-01	-1.704129493515743610e-02
-4.000000000050931703e-01	-1.090496555855875911e-02
-3.000000000050988547e-01	-6.133403284233969639e-03
-2.000000000051045390e-01	-2.725753963813706826e-03
-1.000000000051102234e-01	-6.814080405830145884e-04
-5.115907697472721338e-12	0.000000000000000000e+00
9.999999999487840796e-02	-6.814080404451049395e-04
1.999999999948727236e-01	-2.725753963534928957e-03
2.999999999948670393e-01	-6.133403283817086098e-03
3.999999999948613549e-01	-1.090496555800260850e-02
4.999999999948556706e-01	-1.704129493445885601e-02
5.999999999948499863e-01	-2.454349092398056681e-02
6.999999999948443019e-01	-3.341289939334571302e-02
7.999999999948386176e-01	-4.365111378366107880e-02
8.999999999948329332e-01	-5.525997655584963253e-02
9.999999999948272489e-01	-6.824158086615284002e-02
1.099999999994821565e+00	-8.259827247495264702e-02
1.199999999994815880e+00	-9.833265189272759332e-02
1.299999999994810196e+00	-1.154475767674248976e-01
1.399999999994804512e+00	-1.339461645180165250e-01
1.499999999994798827e+00	-1.538317952195786542e-01
1.599999999994793143e+00	-1.751081147457424492e-01
1.699999999994787458e+00	-1.977790381748873449e-01
1.799999999994781774e+00	-2.218487534671420014e-01
1.899999999994776090e+00	-2.473217254197359605e-01
1.999999999994770405e+00	-2.742026999089551831e-01
2.099999999994764721e+00	-3.024967084276340423e-01
2.199999999994759037e+00	-3.322090729277576981e-01
2.299999999994753352e+00	-3.633454109785266284e-01
2.399999999994747668e+00	-3.959116412510067518e-01
2.499999999994741984e+00	-4.299139893412533553e-01
2.599999999994736299e+00	-4.653589939447687618e-01
2.699999999994730615e+00	-5.022535133959282749e-01
2.799999999994724931e+00	-5.406047325870972919e-01
2.899999999994719246e+00	-5.804201702830653620e-01
2.999999999994713562e+00	-6.217076868476898444e-01
3.099999999994707878e+00	-6.644754924005382701e-01
3.199999999994702193e+00	-7.087321554228547260e-01
3.299999999994696509e+00	-7.544866118331876592e-01
3.399999999994690825e+00	-8.017481745546694016e-01
3.499999999994685140e+00	-8.505265435972457766e-01
3.599999999994679456e+00	-9.008318166798874316e-01
3.699999999994673772e+00	-9.526745004193969413e-01
3.799999999994668087e+00	-1.006065522114391930e+00
3.899999999994662403e+00	-1.061016242154856570e+00
3.999999999994656719e+00	-1.117538467089922216e+00
4.099999999994651034e+00	-1.175644463388621830e+00
4.199999999994645350e+00	-1.235346971930968429e+00
4.299999999994639666e+00	-1.296659223269155170e+00
4.399999999994633981e+00	-1.359594953701607212e+00
4.499999999994628297e+00	-1.424168422205605022e+00
4.599999999994622613e+00	-1.490394428277433292e+00
4.699999999994616928e+00	-1.558288330732608973e+00
4.799999999994611244e+00	-1.627866067522474092e+00
4.899999999994605560e+00	-1.699144176627638725e+00
4.999999999994599875e+00	-1.772139818093140029e+00
5.099999999994594191e+00	-1.846870797275087517e+00
5.199999999994588507e+00	-1.923355589373758612e+00
5.299999999994582822e+00	-2.001613365333805739e+00
5.399999999994577138e+00	-2.081664019198381954e+00
5.499999999994571453e+00	-2.163528197010781362e+00
5.599999999994565769e+00	-2.247227327364388572e+00
5.699999999994560085e+00	-2.332783653709757488e+00
5.799999999994554400e+00	-2.420220268536294572e+00
5.899999999994548716e+00	-2.509561149555459725e+00
5.999999999994543032e+00	-2.600831198022779844e+00
6.099999999994537347e+00	-2.694056279347210925e+00
6.199999999994531663e+00	-2.789263266148843456e+00
6.299999999994525979e+00	-2.886480083939398256e+00
6.399999999994520294e+00	-2.985735759614920326e+00
6.499999999994514610e+00	-3.087060472966402180e+00
6.599999999994508926e+00	-3.190485611431924440e+00
6.699999999994503241e+00	-3.296043828333824699e+00
6.799999999994497557e+00	-3.403769104866071871e+00
6.899999999994491873e+00	-3.513696816121061772e+00
6.999999999994486188e+00	-3.625863801471673309e+00
7.099999999994480504e+00	-3.740308439653705630e+00
7.199999999994474820e+00	-3.857070728926357717e+00
7.299999999994469135e+00	-3.976192372724508317e+00
7.399999999994463451e+00	-4.097716871256568361e+00
7.499999999994457767e+00	-4.221689619546241445e+00
7.599999999994452082e+00	-4.348158012466089239e+00
7.699999999994446398e+00	-4.477171557366157906e+00
7.799999999994440714e+00	-4.608781994962734885e+00
7.899999999994435029e+00	-4.743043429221284413e+00
7.999999999994429345e+00	-4.880012467045314217e+00
8.099999999994423661e+00	-5.019748368669672445e+00
8.199999999994417976e+00	-5.162313209754504584e+00
8.299999999994412292e+00	-5.307772056286392370e+00
8.399999999994406608e+00	-5.456193153517178374e+00
8.499999999994400923e+00	-5.607648130311404522e+00
8.599999999994395239e+00	-5.762212220432493481e+00
8.699999999994389555e+00	-5.919964502477935042e+00
8.799999999994383870e+00	-6.080988160379179774e+00
8.899999999994378186e+00	-6.245370766615398139e+00
8.999999999994372502e+00	-6.413204590557658236e+00
9.099999999994366817e+00	-6.584586934665095370e+00
9.199999999994361133e+00	-6.759620501605516196e+00
9.299999999994355449e+00	-6.938413795775829840e+00
9.399999999994349764e+00	-7.121081563162188210e+00
9.499999999994344080e+00	-7.307745274016833825e+00
9.599999999994338395e+00	-7.498533653451002756e+00
9.699999999994332711e+00	-7.693583265766186230e+00
9.799999999994327027e+00	-7.893039159189109810e+00
9.899999999994321342e+00	-8.097055578660725672e+00
9.999999999994315658e+00	-8.305796755484843530e+00
1.009999999999430997e+01	-8.519437784000956526e+00
1.019999999999430429e+01	-8.738165597049754041e+00
1.029999999999429861e+01	-8.962180053899842846e+00
1.039999999999429292e+01	-9.191695156563234548e+00
1.049999999999428724e+01	-9.426940413122771645e+00
1.059999999999428155e+01	-9.668162369925013877e+00
1.069999999999427587e+01	-9.915626338379288640e+00
1.079999999999427018e+01	-1.016961834680079946e+01
1.089999999999426450e+01	-1.043044735344011187e+01
1.099999999999425881e+01	-1.069844776379982676e+01
1.109999999999425313e+01	-1.097398230387348406e+01
1.119999999999424745e+01	-1.125744531146261096e+01
1.129999999999424176e+01	-1.154926652077318039e+01
1.139999999999423608e+01	-1.184991543176313300e+01
1.149999999999423039e+01	-1.215990637613608527e+01
1.159999999999422471e+01	-1.247980441768222093e+01
1.169999999999421902e+01	-1.281023225750843508e+01
1.179999999999421334e+01	-1.315187835680834816e+01
1.189999999999420766e+01	-1.350550654424983499e+01
1.199999999999420197e+01	-1.387196744601105891e+01
1.209999999999419629e+01	-1.425221216984536632e+01
1.219999999999419060e+01	-1.464730879857988555e+01
1.229999999999418492e+01	-1.505846241498251459e+01
1.239999999999417923e+01	-1.548703960608788321e+01
1.249999999999417355e+01	-1.593459870600691097e+01
1.259999999999416787e+01	-1.640292746947117664e+01
1.269999999999416218e+01	-1.689409048080569775e+01
1.279999999999415650e+01	-1.741048948265641627e+01
1.289999999999415081e+01	-1.795494109435924202e+01
1.299999999999414513e+01	-1.853077830504054901e+01
1.309999999999413944e+01	-1.914198504107030274e+01
1.319999999999413376e+01	-1.979337764914945552e+01
1.329999999999412807e+01	-2.049085440422330961e+01
1.339999999999412239e+01	-2.124174613705854497e+01
1.349999999999411671e+01	-2.205532153149027508e+01
1.359999999999411102e+01	-2.294353695704281648e+01
1.369999999999410534e+01	-2.392218821324242839e+01
1.379999999999409965e+01	-2.501275407899784398e+01
1.389999999999409397e+01	-2.624549925992965527e+01
1.399999999999408828e+01	-2.766503496029917386e+01
1.409999999999408260e+01	-2.934112049677857570e+01
1.419999999999407692e+01	-3.139204242587808480e+01
1.429999999999407123e+01	-3.404364784006256883e+01
1.439999999999406555e+01	-3.781931348367880474e+01
1.449999999999405986e+01	-4.451693646082649991e+01
1.459999999999405418e+01	-6.118135115290066750e+01
1.469999999999404849e+01	-4.238536840206716505e+01
1.479999999999404281e+01	-3.693523586999725694e+01
1.489999999999403713e+01	-3.365153312563221277e+01
1.499999999999403144e+01	-3.130466465608902382e+01
1.509999999999402576e+01	-2.948377060384461146e+01
1.519999999999402007e+01	-2.800041445340929158e+01
1.529999999999401439e+01	-2.675232877628361194e+01
1.539999999999400870e+01	-2.567776285916993828e+01
1.549999999999400302e+01	-2.473655660844055504e+01
1.559999999999399733e+01	-2.390111853396384234e+01
1.569999999999399165e+01	-2.315167363086942487e+01
1.579999999999398597e+01	-2.247356450871805933e+01
1.589999999999398028e+01	-2.185562536603910644e+01
1.599999999999397460e+01	-2.128915452319595403e+01
1.609999999999396891e+01	-2.076723914701416263e+01
1.619999999999396323e+01	-2.028429654834113904e+01
1.629999999999395754e+01	-1.983575370310363084e+01
1.639999999999395186e+01	-1.941781784374051156e+01
1.649999999999394618e+01	-1.902730872915089577e+01
1.659999999999394049e+01	-1.866153370551859680e+01
1.669999999999393481e+01	-1.831819309186108313e+01
1.679999999999392912e+01	-1.799530746570216877e+01
1.689999999999392344e+01	-1.769116103441294996e+01
1.699999999999391775e+01	-1.740425700273902621e+01
1.709999999999391207e+01	-1.713328201085488445e+01
1.719999999999390639e+01	-1.687707751732496320e+01
1.729999999999390070e+01	-1.663461656073340933e+01
1.739999999999389502e+01	-1.640498473096788246e+01
1.749999999999388933e+01	-1.618736446724769351e+01
1.759999999999388365e+01	-1.598102200876335388e+01
1.769999999999387796e+01	-1.578529647799075342e+01
1.779999999999387228e+01	-1.559959069190387559e+01
1.789999999999386660e+01	-1.542336338321268840e+01
1.799999999999386091e+01	-1.525612257996674970e+01
1.809999999999385523e+01	-1.509741994277139732e+01
1.819999999999384954e+01	-1.494684589833184241e+01
1.829999999999384386e+01	-1.480402543888353684e+01
1.839999999999383817e+01	-1.466861448134928203e+01
1.849999999999383249e+01	-1.454029669931409430e+01
1.859999999999382680e+01	-1.441878075627152000e+01
1.869999999999382112e+01	-1.430379788093151028e+01
1.879999999999381544e+01	-1.419509973534469438e+01
1.889999999999380975e+01	-1.409245653469196924e+01
1.899999999999380407e+01	-1.399565538419820143e+01
1.909999999999379838e+01	-1.390449880405322425e+01
1.919999999999379270e+01	-1.381880341769689124e+01
1.929999999999378701e+01	-1.373839878253118663e+01
1.939999999999378133e+01	-1.366312634520598124e+01
1.949999999999377565e+01	-1.359283850620171208e+01
1.959999999999376996e+01	-1.352739778059391185e+01
1.969999999999376428e+01	-1.346667604370497706e+01
1.979999999999375859e+01	-1.341055385188712634e+01
1.989999999999375291e+01	-1.335891982998601080e+01
1.999999999999374722e+01	-1.331167011814534362e+01
2.009999999999374154e+01	-1.326870787156195775e+01
2.019999999999373586e+01	-1.322994280761365005e+01
2.029999999999373017e+01	-1.319529079548120265e+01
2.039999999999372449e+01	-1.316467348398833082e+01
2.049999999999371880e+01	-1.313801796390453980e+01
2.059999999999371312e+01	-1.311525646140787771e+01
2.069999999999370743e+01	-1.309632605979782838e+01
2.079999999999370175e+01	-1.308116844689173597e+01
2.089999999999369606e+01	-1.306972968583868422e+01
2.099999999999369038e+01	-1.306196000734843921e+01
2.109999999999368470e+01	-1.305781362156538705e+01
2.119999999999367901e+01	-1.305724854802286927e+01
2.129999999999367333e+01	-1.306022646229534345e+01
2.139999999999366764e+01	-1.306671255812806187e+01
2.149999999999366196e+01	-1.307667542396888472e+01
2.159999999999365627e+01	-1.309008693295694314e+01
2.169999999999365059e+01	-1.310692214554053869e+01
2.179999999999364491e+01	-1.312715922400281521e+01
2.189999999999363922e+01	-1.315077935827140543e+01
2.199999999999363354e+01	-1.317776670247703841e+01
2.209999999999362785e+01	-1.320810832180912442e+01
2.219999999999362217e+01	-1.324179414929301579e+01
2.229999999999361648e+01	-1.327881695218619384e+01
2.239999999999361080e+01	-1.331917230775951744e+01
2.249999999999360512e+01	-1.336285858829546314e+01
2.259999999999359943e+01	-1.340987695519948453e+01
2.269999999999359375e+01	-1.346023136218316907e+01
2.279999999999358806e+01	-1.351392856754042704e+01
2.289999999999358238e+01	-1.357097815560019427e+01
2.299999999999357669e+01	-1.363139256750285533e+01
2.309999999999357101e+01	-1.369518714151266359e+01
2.319999999999356532e+01	-1.376238016314655255e+01
2.329999999999355964e+01	-1.383299292547038384e+01
2.339999999999355396e+01	-1.390704979998962365e+01
2.349999999999354827e+01	-1.398457831864172007e+01
2.359999999999354259e+01	-1.406560926748460005e+01
2.369999999999353690e+01	-1.415017679277015006e+01
2.379999999999353122e+01	-1.423831852019486277e+01
2.389999999999352553e+01	-1.433007568823357936e+01
2.399999999999351985e+01	-1.442549329658806556e+01
2.409999999999351417e+01	-1.452462027092202490e+01
2.419999999999350848e+01	-1.462750964521057284e+01
2.429999999999350280e+01	-1.473421876320739798e+01
2.439999999999349711e+01	-1.484480950073039196e+01
2.449999999999349143e+01	-1.495934851068956739e+01
2.459999999999348574e+01	-1.507790749303416433e+01
2.469999999999348006e+01	-1.520056349208384106e+01
2.479999999999347438e+01	-1.532739922403718857e+01
2.489999999999346869e+01	-1.545850343782720415e+01
2.499999999999346301e+01	-1.559397131292501015e+01
2.509999999999345732e+01	-1.573390489819092863e+01
2.519999999999345164e+01	-1.587841359644604999e+01
2.529999999999344595e+01	-1.602761470010385025e+01
2.539999999999344027e+01	-1.618163398397484087e+01
2.549999999999343459e+01	-1.634060636225959229e+01
2.559999999999342890e+01	-1.650467661780047735e+01
2.569999999999342322e+01	-1.667400021290137602e+01
2.579999999999341753e+01	-1.684874419248187394e+01
2.589999999999341185e+01	-1.702908819205634572e+01
2.599999999999340616e+01	-1.721522556507144941e+01
2.609999999999340048e+01	-1.740736464656825433e+01
2.619999999999339479e+01	-1.760573017304347232e+01
2.629999999999338911e+01	-1.781056488187339326e+01
2.639999999999338343e+01	-1.802213131787102895e+01
2.649999999999337774e+01	-1.824071387963953939e+01
2.659999999999337206e+01	-1.846662114458094450e+01
2.669999999999336637e+01	-1.870018851899361323e+01
2.679999999999336069e+01	-1.894178126900093417e+01
2.689999999999335500e+01	-1.919179799955674426e+01
2.699999999999334932e+01	-1.945067466307006043e+01
2.709999999999334364e+01	-1.971888919707057752e+01
2.719999999999333795e+01	-1.999696691283814687e+01
2.729999999999333227e+01	-2.028548678543692318e+01
2.739999999999332658e+01	-2.058508883199510109e+01
2.749999999999332090e+01	-2.089648281190058654e+01
2.759999999999331521e+01	-2.122045854332140635e+01
2.769999999999330953e+01	-2.155789820993943451e+01
2.779999999999330385e+01	-2.190979113677418511e+01
2.789999999999329816e+01	-2.227725165406234709e+01
2.799999999999329248e+01	-2.266154085713633748e+01
2.809999999999328679e+01	-2.306409332817644753e+01
2.819999999999328111e+01	-2.348655024226287580e+01
2.829999999999327542e+01	-2.393080077988951260e+01
2.839999999999326974e+01	-2.439903447913271961e+01
2.849999999999326405e+01	-2.489380818914957416e+01
2.859999999999325837e+01	-2.541813280151956178e+01
2.869999999999325269e+01	-2.597558721223958145e+01
2.879999999999324700e+01	-2.657047046456627371e+01
2.889999999999324132e+01	-2.720800853160049826e+01
2.899999999999323563e+01	-2.789464112027113174e+01
2.909999999999322995e+01	-2.863842879697507016e+01
2.919999999999322426e+01	-2.944964660125468470e+01
2.929999999999321858e+01	-3.034167708620039505e+01
2.939999999999321290e+01	-3.133240457032889026e+01
2.949999999999320721e+01	-3.244649133995401513e+01
2.959999999999320153e+01	-3.371930354100097560e+01
2.969999999999319584e+01	-3.520416864233388310e+01
2.979999999999319016e+01	-3.698706442071638634e+01
2.989999999999318447e+01	-3.922028369907878442e+01
2.999999999999317879e+01	-4.221511647549385060e+01
3.009999999999317311e+01	-4.678898821747764458e+01
3.019999999999316742e+01	-5.693429739256076516e+01
3.029999999999316174e+01	-5.533825360549693073e+01
3.039999999999315605e+01	-4.633314715978390552e+01
3.049999999999315037e+01	-4.203140148483736027e+01
3.059999999999314468e+01	-3.918518943345691241e+01
3.069999999999313900e+01	-3.705943016324923889e+01
3.079999999999313332e+01	-3.536527385385280553e+01
3.089999999999312763e+01	-3.395905355351270316e+01
3.099999999999312195e+01	-3.275881380134782006e+01
3.109999999999311626e+01	-3.171335410381161779e+01
3.119999999999311058e+01	-3.078853755485869925e+01
3.129999999999310489e+01	-2.996046087637087396e+01
3.139999999999309921e+01	-2.921173297088351006e+01
3.149999999999309352e+01	-2.852930502458282191e+01
3.159999999999308784e+01	-2.790313531088487053e+01
3.169999999999308216e+01	-2.732533076672524075e+01
3.179999999999307647e+01	-2.678957459400157504e+01
3.189999999999307079e+01	-2.629073263312628228e+01
3.199999999999306510e+01	-2.582457542872837664e+01
3.209999999999305942e+01	-2.538757743896120544e+01
3.219999999999305373e+01	-2.497676903980177698e+01
3.229999999999304805e+01	-2.458962549534419040e+01
3.239999999999304237e+01	-2.422398233940010215e+01
3.249999999999303668e+01	-2.387796997047589542e+01
3.259999999999303100e+01	-2.354996245172102576e+01
3.269999999999302531e+01	-2.323853696738560259e+01
3.279999999999301963e+01	-2.294244138028584956e+01
3.289999999999301394e+01	-2.266056802235147671e+01
3.299999999999300826e+01	-2.239193233428376573e+01
3.309999999999300258e+01	-2.213565531610736059e+01
3.319999999999299689e+01	-2.189094900082879036e+01
3.329999999999299121e+01	-2.165710434710130272e+01
3.339999999999298552e+01	-2.143348108310691913e+01
3.349999999999297984e+01	-2.121949913612341021e+01
3.359999999999297415e+01	-2.101463135972491258e+01
3.369999999999296847e+01	-2.081839732982593461e+01
3.379999999999296278e+01	-2.063035802650592387e+01
3.389999999999295710e+01	-2.045011125412016995e+01
3.399999999999295142e+01	-2.027728768008856619e+01
3.409999999999294573e+01	-2.011154739477156284e+01
3.419999999999294005e+01	-1.995257691234672848e+01
3.429999999999293436e+01	-1.980008654660536749e+01
3.439999999999292868e+01	-1.965380810686403024e+01
3.449999999999292299e+01	-1.951349286831314700e+01
3.459999999999291731e+01	-1.937890977855764874e+01
3.469999999999291163e+01	-1.924984386818455917e+01
3.479999999999290594e+01	-1.912609483819429812e+01
3.489999999999290026e+01	-1.900747580126315484e+01
3.499999999999289457e+01	-1.889381215723375718e+01
3.509999999999288889e+01	-1.878494058608868400e+01
3.519999999999288320e+01	-1.868070814405221824e+01
3.529999999999287752e+01	-1.858097145047708665e+01
3.539999999999287184e+01	-1.848559595486434404e+01
3.549999999999286615e+01	-1.839445527480131659e+01
3.559999999999286047e+01	-1.830743059681731211e+01
3.569999999999285478e+01	-1.822441013319691550e+01
3.579999999999284910e+01	-1.814528862867501502e+01
3.589999999999284341e+01	-1.806996691169931779e+01
3.599999999999283773e+01	-1.799835148559932563e+01
3.609999999999283204e+01	-1.793035415556382617e+01
3.619999999999282636e+01	-1.786589168781721781e+01
3.629999999999282068e+01	-1.780488549780621454e+01
3.639999999999281499e+01	-1.774726136457686465e+01
3.649999999999280931e+01	-1.769294916884076585e+01
3.659999999999280362e+01	-1.764188265250933441e+01
3.669999999999279794e+01	-1.759399919771935572e+01
3.679999999999279225e+01	-1.754923962358782674e+01
3.689999999999278657e+01	-1.750754799912275317e+01
3.699999999999278089e+01	-1.746887147088289538e+01
3.709999999999277520e+01	-1.743316010412668504e+01
3.719999999999276952e+01	-1.740036673632029363e+01
3.729999999999276383e+01	-1.737044684199004507e+01
3.739999999999275815e+01	-1.734335840800770256e+01
3.749999999999275246e+01	-1.731906181848729886e+01
3.759999999999274678e+01	-1.729751974855489038e+01
3.769999999999274110e+01	-1.727869706632436575e+01
3.779999999999273541e+01	-1.726256074247882566e+01
3.789999999999272973e+01	-1.724907976691501332e+01
3.799999999999272404e+01	-1.723822507196123865e+01
3.809999999999271836e+01	-1.722996946172738220e+01
3.819999999999271267e+01	-1.722428754718787758e+01
3.829999999999270699e+01	-1.722115568663846119e+01
3.839999999999270131e+01	-1.722055193120247907e+01
3.849999999999269562e+01	-1.722245597509526505e+01
3.859999999999268994e+01	-1.722684911038458111e+01
3.869999999999268425e+01	-1.723371418601257687e+01
3.879999999999267857e+01	-1.724303557086950178e+01
3.889999999999267288e+01	-1.725479912073268096e+01
3.899999999999266720e+01	-1.726899214890615397e+01
3.909999999999266151e+01	-1.728560340041576637e+01
3.919999999999265583e+01	-1.730462302963415766e+01
3.929999999999265015e+01	-1.732604258122719543e+01
3.939999999999264446e+01	-1.734985497433078194e+01
3.949999999999263878e+01	-1.737605448988254508e+01
3.959999999999263309e+01	-1.740463676104902291e+01
3.969999999999262741e+01	-1.743559876670340714e+01
3.979999999999262172e+01	-1.746893882792381092e+01
3.989999999999261604e+01	-1.750465660749635077e+01
3.999999999999261036e+01	-1.754275311242146529e+01
4.009999999999260467e+01	-1.758323069943637051e+01
4.019999999999259899e+01	-1.762609308358088356e+01
4.029999999999259330e+01	-1.767134534984782590e+01
4.039999999999258762e+01	-1.771899396797507720e+01
4.049999999999258193e+01	-1.776904681045114032e+01
4.059999999999257625e+01	-1.782151317382200517e+01
4.069999999999257057e+01	-1.787640380340386059e+01
4.079999999999256488e+01	-1.793373092152449999e+01
4.089999999999255920e+01	-1.799350825943341903e+01
4.099999999999255351e+01	-1.805575109304200154e+01
4.109999999999254783e+01	-1.812047628267545818e+01
4.119999999999254214e+01	-1.818770231704120022e+01
4.129999999999253646e+01	-1.825744936164348786e+01
4.139999999999253077e+01	-1.832973931190032246e+01
4.149999999999252509e+01	-1.840459585124811781e+01
4.159999999999251941e+01	-1.848204451455164588e+01
4.169999999999251372e+01	-1.856211275717096498e+01
4.179999999999250804e+01	-1.864483003007656592e+01
4.189999999999250235e+01	-1.873022786144527885e+01
4.199999999999249667e+01	-1.881833994521639042e+01
4.209999999999249098e+01	-1.890920223714004322e+01
4.219999999999248530e+01	-1.900285305890605869e+01
4.229999999999247962e+01	-1.909933321100670867e+01
4.239999999999247393e+01	-1.919868609505732238e+01
4.249999999999246825e+01	-1.930095784637895662e+01
4.259999999999246256e+01	-1.940619747773635595e+01
4.269999999999245688e+01	-1.951445703522467667e+01
4.279999999999245119e+01	-1.962579176741166620e+01
4.289999999999244551e+01	-1.974026030896815698e+01
4.299999999999243983e+01	-1.985792488016428337e+01
4.309999999999243414e+01	-1.997885150377036112e+01
4.319999999999242846e+01	-2.010311024108591482e+01
4.329999999999242277e+01	-2.023077544903008373e+01
4.339999999999241709e+01	-2.036192606046388320e+01
4.349999999999241140e+01	-2.049664589018890837e+01
4.359999999999240572e+01	-2.063502396937683869e+01
4.369999999999240003e+01	-2.077715491154296856e+01
4.379999999999239435e+01	-2.092313931358714285e+01
4.389999999999238867e+01	-2.107308419589998039e+01
4.399999999999238298e+01	-2.122710348607981246e+01
4.409999999999237730e+01	-2.138531855144132976e+01
4.419999999999237161e+01	-2.154785878623398432e+01
4.429999999999236593e+01	-2.171486226035000655e+01
4.439999999999236024e+01	-2.188647643730742587e+01
4.449999999999235456e+01	-2.206285897047360578e+01
4.459999999999234888e+01	-2.224417858788439162e+01
4.469999999999234319e+01	-2.243061607765342913e+01
4.479999999999233751e+01	-2.262236538791050577e+01
4.489999999999233182e+01	-2.281963485751983711e+01
4.499999999999232614e+01	-2.302264859658809826e+01
4.509999999999232045e+01	-2.323164803908408516e+01
4.519999999999231477e+01	-2.344689369387416988e+01
4.529999999999230909e+01	-2.366866712529638050e+01
4.539999999999230340e+01	-2.389727320025189172e+01
4.549999999999229772e+01	-2.413304264593561044e+01
4.559999999999229203e+01	-2.437633497110204672e+01
4.569999999999228635e+01	-2.462754181457935232e+01
4.579999999999228066e+01	-2.488709079817301273e+01
4.589999999999227498e+01	-2.515544997785882586e+01
4.599999999999226930e+01	-2.543313300822038414e+01
4.609999999999226361e+01	-2.572070516171498511e+01
4.619999999999225793e+01	-2.601879037827169228e+01
4.629999999999225224e+01	-2.632807956426297480e+01
4.639999999999224656e+01	-2.664934041622668914e+01
4.649999999999224087e+01	-2.698342911824277124e+01
4.659999999999223519e+01	-2.733130435872528707e+01
4.669999999999222950e+01	-2.769404424125077568e+01
4.679999999999222382e+01	-2.807286683731323151e+01
4.689999999999221814e+01	-2.846915536457931850e+01
4.699999999999221245e+01	-2.888448929879301019e+01
4.709999999999220677e+01	-2.932068318055363676e+01
4.719999999999220108e+01	-2.977983551997559886e+01
4.729999999999219540e+01	-3.026439112604785819e+01
4.739999999999218971e+01	-3.077722154090643158e+01
4.749999999999218403e+01	-3.132173028090289790e+01
4.759999999999217835e+01	-3.190199267206777023e+01
4.769999999999217266e+01	-3.252294489202571981e+01
4.779999999999216698e+01	-3.319064457989622952e+01
4.789999999999216129e+01	-3.391263821008065804e+01
4.799999999999215561e+01	-3.469849243672947381e+01
4.809999999999214992e+01	-3.556058591519318668e+01
4.819999999999214424e+01	-3.651533165138188508e+01
4.829999999999213856e+01	-3.758514543974761324e+01
4.839999999999213287e+01	-3.880178382915237734e+01
4.849999999999212719e+01	-4.021238266793922378e+01
4.859999999999212150e+01	-4.189133367570910593e+01
4.869999999999211582e+01	-4.396643420521402845e+01
4.879999999999211013e+01	-4.668662129669601768e+01
4.889999999999210445e+01	-5.064960150054111665e+01
4.899999999999209876e+01	-5.809859269158902606e+01
4.909999999999209308e+01	-6.717413254984504078e+01
4.919999999999208740e+01	-5.350244104602453632e+01
4.929999999999208171e+01	-4.844966187403908009e+01
4.939999999999207603e+01	-4.528882698106870919e+01
4.949999999999207034e+01	-4.298653556240967788e+01
4.959999999999206466e+01	-4.117695806063701980e+01
4.969999999999205897e+01	-3.968759751144769155e+01
4.979999999999205329e+01	-3.842325812428063614e+01
4.989999999999204761e+01	-3.732580473976347690e+01
4.999999999999204192e+01	-3.635711636520073853e+01
5.009999999999203624e+01	-3.549083738104975083e+01
5.019999999999203055e+01	-3.470798417214636089e+01
5.029999999999202487e+01	-3.399442847691351943e+01
5.039999999999201918e+01	-3.333937071313090428e+01
5.049999999999201350e+01	-3.273436986251432756e+01
5.059999999999200782e+01	-3.217270289742604916e+01
5.069999999999200213e+01	-3.164892792148719636e+01
5.079999999999199645e+01	-3.115857790981100095e+01
5.089999999999199076e+01	-3.069794082893167442e+01
5.099999999999198508e+01	-3.026389845520118627e+01
5.109999999999197939e+01	-2.985380603696379254e+01
5.119999999999197371e+01	-2.946540097739773856e+01
5.129999999999196802e+01	-2.909673252467197813e+01
5.139999999999196234e+01	-2.874610692436304404e+01
5.149999999999195666e+01	-2.841204412496657739e+01
5.159999999999195097e+01	-2.809324323390271871e+01
5.169999999999194529e+01	-2.778855468386555927e+01
5.179999999999193960e+01	-2.749695760360414454e+01
5.189999999999193392e+01	-2.721754126732324863e+01
5.199999999999192823e+01	-2.694948977115814159e+01
5.209999999999192255e+01	-2.669206928563964354e+01
5.219999999999191687e+01	-2.644461738134761219e+01
5.229999999999191118e+01	-2.620653403585101415e+01
5.239999999999190550e+01	-2.597727401382925549e+01
5.249999999999189981e+01	-2.575634037619450822e+01
5.259999999999189413e+01	-2.554327892323696858e+01
5.269999999999188844e+01	-2.533767341500420400e+01
5.279999999999188276e+01	-2.513914144199681289e+01
5.289999999999187708e+01	-2.494733084280375834e+01
5.299999999999187139e+01	-2.476191658397796402e+01
5.309999999999186571e+01	-2.458259803237275776e+01
5.319999999999186002e+01	-2.440909656214646617e+01
5.329999999999185434e+01	-2.424115344833661112e+01
5.339999999999184865e+01	-2.407852800677899552e+01
5.349999999999184297e+01	-2.392099594658638750e+01
5.359999999999183729e+01	-2.376834790668533870e+01
5.369999999999183160e+01	-2.362038815227178290e+01
5.379999999999182592e+01	-2.347693341066082695e+01
5.389999999999182023e+01	-2.333781182901454088e+01
5.399999999999181455e+01	-2.320286203894823984e+01
5.409999999999180886e+01	-2.307193231512494691e+01
5.419999999999180318e+01	-2.294487981672676824e+01
5.429999999999179749e+01	-2.282156990219428394e+01
5.439999999999179181e+01	-2.270187550890126005e+01
5.449999999999178613e+01	-2.258567659051569976e+01
5.459999999999178044e+01	-2.247285960572650509e+01
5.469999999999177476e+01	-2.236331705280797877e+01
5.479999999999176907e+01	-2.225694704517610489e+01
5.489999999999176339e+01	-2.215365292367851424e+01
5.499999999999175770e+01	-2.205334290186691959e+01
5.509999999999175202e+01	-2.195592974094055450e+01
5.519999999999174634e+01	-2.186133045143030529e+01
5.529999999999174065e+01	-2.176946601902617573e+01
5.539999999999173497e+01	-2.168026115223948835e+01
5.549999999999172928e+01	-2.159364404984561148e+01
5.559999999999172360e+01	-2.150954618627430648e+01
5.569999999999171791e+01	-2.142790211331060490e+01
5.579999999999171223e+01	-2.134864927664017031e+01
5.589999999999170655e+01	-2.127172784592524124e+01
5.599999999999170086e+01	-2.119708055723007689e+01
5.609999999999169518e+01	-2.112465256673463543e+01
5.619999999999168949e+01	-2.105439131477882597e+01
5.629999999999168381e+01	-2.098624639937433045e+01
5.639999999999167812e+01	-2.092016945840287079e+01
5.649999999999167244e+01	-2.085611405979516064e+01
5.659999999999166675e+01	-2.079403559904975651e+01
5.669999999999166107e+01	-2.073389120351082937e+01
5.679999999999165539e+01	-2.067563964287682410e+01
5.689999999999164970e+01	-2.061924124545940984e+01
5.699999999999164402e+01	-2.056465781975450824e+01
5.709999999999163833e+01	-2.051185258092667141e+01
5.719999999999163265e+01	-2.046079008184114656e+01
5.729999999999162696e+01	-2.041143614831069186e+01
5.739999999999162128e+01	-2.036375781825152131e+01
5.749999999999161560e+01	-2.031772328446837861e+01
5.759999999999160991e+01	-2.027330184081233710e+01
5.769999999999160423e+01	-2.023046383147525518e+01
5.779999999999159854e+01	-2.018918060320423180e+01
5.789999999999159286e+01	-2.014942446023657396e+01
5.799999999999158717e+01	-2.011116862177159348e+01
5.809999999999158149e+01	-2.007438718180966930e+01
5.819999999999157581e+01	-2.003905507120228435e+01
5.829999999999157012e+01	-2.000514802176885354e+01
5.839999999999156444e+01	-1.997264253234621734e+01
5.849999999999155875e+01	-1.994151583664790905e+01
5.859999999999155307e+01	-1.991174587281837205e+01
5.869999999999154738e+01	-1.988331125457608195e+01
5.879999999999154170e+01	-1.985619124384725254e+01
5.889999999999153601e+01	-1.983036572479885606e+01
5.899999999999153033e+01	-1.980581517918580658e+01
5.909999999999152465e+01	-1.978252066293354972e+01
5.919999999999151896e+01	-1.976046378388286584e+01
5.929999999999151328e+01	-1.973962668062774739e+01
5.939999999999150759e+01	-1.971999200238350980e+01
5.949999999999150191e+01	-1.970154288982513080e+01
5.959999999999149622e+01	-1.968426295684032468e+01
5.969999999999149054e+01	-1.966813627314607871e+01
5.979999999999148486e+01	-1.965314734771947514e+01
5.989999999999147917e+01	-1.963928111299827606e+01
5.999999999999147349e+01	-1.962652290980847170e+01
6.009999999999146780e+01	-1.961485847297912244e+01
6.019999999999146212e+01	-1.960427391760777738e+01
6.029999999999145643e+01	-1.959475572594111270e+01
6.039999999999145075e+01	-1.958629073483848870e+01
6.049999999999144507e+01	-1.957886612378763402e+01
6.059999999999143938e+01	-1.957246940344370500e+01
6.069999999999143370e+01	-1.956708840466461652e+01
6.079999999999142801e+01	-1.956271126801743776e+01
6.089999999999142233e+01	-1.955932643373146362e+01
6.099999999999141664e+01	-1.955692263207615156e+01
6.109999999999141096e+01	-1.955548887414191839e+01
6.119999999999140528e+01	-1.955501444300470837e+01
6.129999999999139959e+01	-1.955548888525462914e+01
6.139999999999139391e+01	-1.955690200287163094e+01
6.149999999999138822e+01	-1.955924384543108019e+01
6.159999999999138254e+01	-1.956250470262351726e+01
6.169999999999137685e+01	-1.956667509707374819e+01
6.179999999999137117e+01	-1.957174577744500255e+01
6.189999999999136548e+01	-1.957770771181502312e+01
6.199999999999135980e+01	-1.958455208131132963e+01
6.209999999999135412e+01	-1.959227027399368737e+01
6.219999999999134843e+01	-1.960085387897271403e+01
6.229999999999134275e+01	-1.961029468075367532e+01
6.239999999999133706e+01	-1.962058465379543293e+01
6.249999999999133138e+01	-1.963171595727498797e+01
6.259999999999132569e+01	-1.964368093004843630e+01
6.269999999999132001e+01	-1.965647208579977345e+01
6.279999999999131433e+01	-1.967008210836918636e+01
6.289999999999130864e+01	-1.968450384725320745e+01
6.299999999999130296e+01	-1.969973031326944835e+01
6.309999999999129727e+01	-1.971575467437835982e+01
6.319999999999129159e+01	-1.973257025165611367e+01
6.329999999999128590e+01	-1.975017051541148305e+01
6.339999999999128022e+01	-1.976854908144128586e+01
6.349999999999127454e+01	-1.978769970741829454e+01
6.359999999999126885e+01	-1.980761628940612695e+01
6.369999999999126317e+01	-1.982829285849630097e+01
6.379999999999125748e+01	-1.984972357756179306e+01
6.389999999999125180e+01	-1.987190273812313990e+01
6.399999999999124611e+01	-1.989482475732197031e+01
6.409999999999124043e+01	-1.991848417499778989e+01
6.419999999999123474e+01	-1.994287565086436942e+01
6.429999999999122906e+01	-1.996799396178099073e+01
6.439999999999122338e+01	-1.999383399911554093e+01
6.449999999999121769e+01	-2.002039076619546520e+01
6.459999999999121201e+01	-2.004765937584336299e+01
6.469999999999120632e+01	-2.007563504799361098e+01
6.479999999999120064e+01	-2.010431310738756494e+01
6.489999999999119495e+01	-2.013368898134345386e+01
6.499999999999118927e+01	-2.016375819759887378e+01
6.509999999999118359e+01	-2.019451638222268741e+01
6.519999999999117790e+01	-2.022595925759389246e+01
6.529999999999117222e+01	-2.025808264044474072e+01
6.539999999999116653e+01	-2.029088243996609364e+01
6.549999999999116085e+01	-2.032435465597206559e+01
6.559999999999115516e+01	-2.035849537712251589e+01
6.569999999999114948e+01	-2.039330077920036288e+01
6.579999999999114380e+01	-2.042876712344246215e+01
6.589999999999113811e+01	-2.046489075492166521e+01
6.599999999999113243e+01	-2.050166810097820047e+01
6.609999999999112674e+01	-2.053909566969857536e+01
6.619999999999112106e+01	-2.057717004844022313e+01
6.629999999999111537e+01	-2.061588790240041291e+01
6.639999999999110969e+01	-2.065524597322737321e+01
6.649999999999110400e+01	-2.069524107767254861e+01
6.659999999999109832e+01	-2.073587010628187244e+01
6.669999999999109264e+01	-2.077713002212535542e+01
6.679999999999108695e+01	-2.081901785956279838e+01
6.689999999999108127e+01	-2.086153072304480460e+01
6.699999999999107558e+01	-2.090466578594759284e+01
6.709999999999106990e+01	-2.094842028944021806e+01
6.719999999999106421e+01	-2.099279154138304904e+01
6.729999999999105853e+01	-2.103777691525657190e+01
6.739999999999105285e+01	-2.108337384911869350e+01
6.749999999999104716e+01	-2.112957984459009708e+01
6.759999999999104148e+01	-2.117639246586607626e+01
6.769999999999103579e+01	-2.122380933875428255e+01
6.779999999999103011e+01	-2.127182814973650693e+01
6.789999999999102442e+01	-2.132044664505430731e+01
6.799999999999101874e+01	-2.136966262981737685e+01
6.809999999999101306e+01	-2.141947396713288043e+01
6.819999999999100737e+01	-2.146987857725590843e+01
6.829999999999100169e+01	-2.152087443675942779e+01
6.839999999999099600e+01	-2.157245957772297373e+01
6.849999999999099032e+01	-2.162463208693920080e+01
6.859999999999098463e+01	-2.167739010513761855e+01
6.869999999999097895e+01	-2.173073182622417221e+01
6.879999999999097327e+01	-2.178465549653639144e+01
6.889999999999096758e+01	-2.183915941411260775e+01
6.899999999999096190e+01	-2.189424192797516611e+01
6.909999999999095621e+01	-2.194990143742615629e+01
6.919999999999095053e+01	-2.200613639135518440e+01
6.929999999999094484e+01	-2.206294528755832829e+01
6.939999999999093916e+01	-2.212032667206745273e+01
6.949999999999093347e+01	-2.217827913848886467e+01
6.959999999999092779e+01	-2.223680132735120552e+01
6.969999999999092211e+01	-2.229589192546054832e+01
6.979999999999091642e+01	-2.235554966526351350e+01
6.989999999999091074e+01	-2.241577332421604751e+01
6.999999999999090505e+01	-2.247656172415804932e+01
7.009999999999089937e+01	-2.253791373069283210e+01
7.019999999999089368e+01	-2.259982825257036509e+01
7.029999999999088800e+01	-2.266230424107364883e+01
7.039999999999088232e+01	-2.272534068940743524e+01
7.049999999999087663e+01	-2.278893663208851450e+01
7.059999999999087095e+01	-2.285309114433653477e+01
7.069999999999086526e+01	-2.291780334146449860e+01
7.079999999999085958e+01	-2.298307237826836058e+01
7.089999999999085389e+01	-2.304889744841456434e+01
7.099999999999084821e+01	-2.311527778382471254e+01
7.109999999999084253e+01	-2.318221265405648879e+01
7.119999999999083684e+01	-2.324970136567970158e+01
7.129999999999083116e+01	-2.331774326164728350e+01
7.139999999999082547e+01	-2.338633772065846728e+01
7.149999999999081979e+01	-2.345548415651576235e+01
7.159999999999081410e+01	-2.352518201747225035e+01
7.169999999999080842e+01	-2.359543078556955109e+01
7.179999999999080273e+01	-2.366622997596508782e+01
7.189999999999079705e+01	-2.373757913624750415e+01
7.199999999999079137e+01	-2.380947784573873349e+01
7.209999999999078568e+01	-2.388192571478253967e+01
7.219999999999078000e+01	-2.395492238401707397e+01
7.229999999999077431e+01	-2.402846752363117488e+01
7.239999999999076863e+01	-2.410256083260265569e+01
7.249999999999076294e+01	-2.417720203791773770e+01
7.259999999999075726e+01	-2.425239089376905710e+01
7.269999999999075158e+01	-2.432812718073293823e+01
7.279999999999074589e+01	-2.440441070492222764e+01
7.289999999999074021e+01	-2.448124129711453634e+01
7.299999999999073452e+01	-2.455861881185444773e+01
7.309999999999072884e+01	-2.463654312652672473e+01
7.319999999999072315e+01	-2.471501414040075417e+01
7.329999999999071747e+01	-2.479403177364248734e+01
7.339999999999071179e+01	-2.487359596629410774e+01
7.349999999999070610e+01	-2.495370667721784841e+01
7.359999999999070042e+01	-2.503436388300285387e+01
7.369999999999069473e+01	-2.511556757683325714e+01
7.379999999999068905e+01	-2.519731776731482142e+01
7.389999999999068336e+01	-2.527961447725818189e+01
7.399999999999067768e+01	-2.536245774241706386e+01
7.409999999999067199e+01	-2.544584761017786079e+01
7.419999999999066631e+01	-2.552978413819960934e+01
7.429999999999066063e+01	-2.561426739300079802e+01
7.439999999999065494e+01	-2.569929744849071795e+01
7.449999999999064926e+01	-2.578487438444294355e+01
7.459999999999064357e+01	-2.587099828490745068e+01
7.469999999999063789e+01	-2.595766923655985181e+01
7.479999999999063220e+01	-2.604488732698214193e+01
7.489999999999062652e+01	-2.613265264287495526e+01
7.499999999999062084e+01	-2.622096526819535711e+01
7.509999999999061515e+01	-2.630982528221860761e+01
7.519999999999060947e+01	-2.639923275751917942e+01
7.529999999999060378e+01	-2.648918775786776791e+01
7.539999999999059810e+01	-2.657969033604080522e+01
7.549999999999059241e+01	-2.667074053153775282e+01
7.559999999999058673e+01	-2.676233836820242118e+01
7.569999999999058105e+01	-2.685448385174495201e+01
7.579999999999057536e+01	-2.694717696715699518e+01
7.589999999999056968e+01	-2.704041767601999524e+01
7.599999999999056399e+01	-2.713420591369734325e+01
7.609999999999055831e+01	-2.722854158640788924e+01
7.619999999999055262e+01	-2.732342456817554677e+01
7.629999999999054694e+01	-2.741885469764818595e+01
7.639999999999054126e+01	-2.751483177478136355e+01
7.649999999999053557e+01	-2.761135555738111691e+01
7.659999999999052989e+01	-2.770842575749843206e+01
7.669999999999052420e+01	-2.780604203767154914e+01
7.679999999999051852e+01	-2.790420400700657666e+01
7.689999999999051283e+01	-2.800291121709216924e+01
7.699999999999050715e+01	-2.810216315773987006e+01
7.709999999999050146e+01	-2.820195925254381208e+01
7.719999999999049578e+01	-2.830229885425092817e+01
7.729999999999049010e+01	-2.840318123993574417e+01
7.739999999999048441e+01	-2.850460560596984294e+01
7.749999999999047873e+01	-2.860657106277873396e+01
7.759999999999047304e+01	-2.870907662937757365e+01
7.769999999999046736e+01	-2.881212122767646377e+01
7.779999999999046167e+01	-2.891570367654608020e+01
7.789999999999045599e+01	-2.901982268563445189e+01
7.799999999999045031e+01	-2.912447684892430644e+01
7.809999999999044462e+01	-2.922966463802336534e+01
7.819999999999043894e+01	-2.933538439517281304e+01
7.829999999999043325e+01	-2.944163432596751306e+01
7.839999999999042757e+01	-2.954841249177510676e+01
7.849999999999042188e+01	-2.965571680184214998e+01
7.859999999999041620e+01	-2.976354500507623513e+01
7.869999999999041052e+01	-2.987189468149345117e+01
7.879999999999040483e+01	-2.998076323331674331e+01
7.889999999999039915e+01	-3.009014787571376104e+01
7.899999999999039346e+01	-3.020004562716162155e+01
7.909999999999038778e+01	-3.031045329942601896e+01
7.919999999999038209e+01	-3.042136748713987870e+01
7.929999999999037641e+01	-3.053278455696913696e+01
7.939999999999037072e+01	-3.064470063635187813e+01
7.949999999999036504e+01	-3.075711160179785608e+01
7.959999999999035936e+01	-3.087001306673123935e+01
7.969999999999035367e+01	-3.098340036886681048e+01
7.979999999999034799e+01	-3.109726855710249183e+01
7.989999999999034230e+01	-3.121161237791370979e+01
7.999999999999033662e+01	-3.132642626123860907e+01
8.009999999999033093e+01	-3.144170430583532649e+01
8.019999999999032525e+01	-3.155744026410149061e+01
8.029999999999031957e+01	-3.167362752634000600e+01
8.039999999999031388e+01	-3.179025910445746916e+01
8.049999999999030820e+01	-3.190732761508341042e+01
8.059999999999030251e+01	-3.202482526209646352e+01
8.069999999999029683e+01	-3.214274381854678353e+01
8.079999999999029114e+01	-3.226107460795983428e+01
8.089999999999028546e+01	-3.237980848501707243e+01
8.099999999999027978e+01	-3.249893581559685174e+01
8.109999999999027409e+01	-3.261844645617357230e+01
8.119999999999026841e+01	-3.273832973256113377e+01
8.129999999999026272e+01	-3.285857441800227718e+01
8.139999999999025704e+01	-3.297916871059285882e+01
8.149999999999025135e+01	-3.310010021004266889e+01
8.159999999999024567e+01	-3.322135589377271714e+01
8.169999999999023998e+01	-3.334292209234842375e+01
8.179999999999023430e+01	-3.346478446425639675e+01
8.189999999999022862e+01	-3.358692797003056540e+01
8.199999999999022293e+01	-3.370933684573997624e+01
8.209999999999021725e+01	-3.383199457585062930e+01
8.219999999999021156e+01	-3.395488386548264259e+01
8.229999999999020588e+01	-3.407798661208249769e+01
8.239999999999020019e+01	-3.420128387653916491e+01
8.249999999999019451e+01	-3.432475585377625293e+01
8.259999999999018883e+01	-3.444838184285660532e+01
8.269999999999018314e+01	-3.457214021664651682e+01
8.279999999999017746e+01	-3.469600839108502299e+01
8.289999999999017177e+01	-3.481996279411987416e+01
8.299999999999016609e+01	-3.494397883437159180e+01
8.309999999999016040e+01	-3.506803086960150040e+01
8.319999999999015472e+01	-3.519209217506033838e+01
8.329999999999014904e+01	-3.531613491181309428e+01
8.339999999999014335e+01	-3.544013009513489010e+01
8.349999999999013767e+01	-3.556404756309359527e+01
8.359999999999013198e+01	-3.568785594543398787e+01
8.369999999999012630e+01	-3.581152263289983750e+01
8.379999999999012061e+01	-3.593501374713885355e+01
8.389999999999011493e+01	-3.605829411134079976e+01
8.399999999999010925e+01	-3.618132722178815186e+01
8.409999999999010356e+01	-3.630407522049046776e+01
8.419999999999009788e+01	-3.642649886910807311e+01
8.429999999999009219e+01	-3.654855752437065775e+01
8.439999999999008651e+01	-3.667020911521372284e+01
8.449999999999008082e+01	-3.679141012187462678e+01
8.459999999999007514e+01	-3.691211555720127535e+01
8.469999999999006945e+01	-3.703227895043513485e+01
8.479999999999006377e+01	-3.715185233375419216e+01
8.489999999999005809e+01	-3.727078623186896777e+01
8.499999999999005240e+01	-3.738902965497513264e+01
8.509999999999004672e+01	-3.750653009538395821e+01
8.519999999999004103e+01	-3.762323352815973010e+01
8.529999999999003535e+01	-3.773908441610260667e+01
8.539999999999002966e+01	-3.785402571941903460e+01
8.549999999999002398e+01	-3.796799891043861663e+01
8.559999999999001830e+01	-3.808094399373015193e+01
8.569999999999001261e+01	-3.819279953197033706e+01
8.579999999999000693e+01	-3.830350267792689323e+01
8.589999999999000124e+01	-3.841298921290038493e+01
8.599999999998999556e+01	-3.852119359196777992e+01
8.609999999998998987e+01	-3.862804899636076073e+01
8.619999999998998419e+01	-3.873348739328358192e+01
8.629999999998997851e+01	-3.883743960346887292e+01
8.639999999998997282e+01	-3.893983537672869488e+01
8.649999999998996714e+01	-3.904060347574463208e+01
8.659999999998996145e+01	-3.913967176828026595e+01
8.669999999998995577e+01	-3.923696732798475040e+01
8.679999999998995008e+01	-3.933241654388443465e+01
8.689999999998994440e+01	-3.942594523861724554e+01
8.699999999998993871e+01	-3.951747879541365194e+01
8.709999999998993303e+01	-3.960694229373883957e+01
8.719999999998992735e+01	-3.969426065347003885e+01
8.729999999998992166e+01	-3.977935878738814779e+01
8.739999999998991598e+01	-3.986216176168780834e+01
8.749999999998991029e+01	-3.994259496413754107e+01
8.759999999998990461e+01	-4.002058427942068164e+01
8.769999999998989892e+01	-4.009605627111162107e+01
8.779999999998989324e+01	-4.016893836964442954e+01
8.789999999998988756e+01	-4.023915906554840660e+01
8.799999999998988187e+01	-4.030664810713150814e+01
8.809999999998987619e+01	-4.037133670170958055e+01
8.819999999998987050e+01	-4.043315771939838044e+01
8.829999999998986482e+01	-4.049204589840148572e+01
8.839999999998985913e+01	-4.054793805066654500e+01
8.849999999998985345e+01	-4.060077326671592601e+01
8.859999999998984777e+01	-4.065049311840112978e+01
8.869999999998984208e+01	-4.069704185829883158e+01
8.879999999998983640e+01	-4.074036661442356433e+01
8.889999999998983071e+01	-4.078041757893043950e+01
8.899999999998982503e+01	-4.081714818946856838e+01
8.909999999998981934e+01	-4.085051530186426305e+01
8.919999999998981366e+01	-4.088047935284048862e+01
8.929999999998980797e+01	-4.090700451152437722e+01
8.939999999998980229e+01	-4.093005881855171424e+01
8.949999999998979661e+01	-4.094961431166453281e+01
8.959999999998979092e+01	-4.096564713676480096e+01
8.969999999998978524e+01	-4.097813764352871146e+01
8.979999999998977955e+01	-4.098707046475794158e+01
8.989999999998977387e+01	-4.099243457882182184e+01
