# Angle [deg]	Magnitude [dB]
-9.000000000000000000e+01	-5.058174911146632269e+01
-8.990000000000000568e+01	-5.057892764563074195e+01
-8.980000000000001137e+01	-5.057046876187961715e+01
-8.970000000000001705e+01	-5.055638896572919094e+01
-8.960000000000002274e+01	-5.053671564772061231e+01
-8.950000000000002842e+01	-5.051148690711505651e+01
-8.940000000000003411e+01	-5.048075130841921521e+01
-8.930000000000003979e+01	-5.044456757397777835e+01
-8.920000000000004547e+01	-5.040300421667802766e+01
-8.910000000000005116e+01	-5.035613911753116412e+01
-8.900000000000005684e+01	-5.030405905347950579e+01
-8.890000000000006253e+01	-5.024685918129701179e+01
-8.880000000000006821e+01	-5.018464248378499803e+01
-8.870000000000007390e+01	-5.011751918475592049e+01
-8.860000000000007958e+01	-5.004560613938961922e+01
-8.850000000000008527e+01	-4.996902620655119165e+01
-8.840000000000009095e+01	-4.988790760959503956e+01
-8.830000000000009663e+01	-4.980238329190297009e+01
-8.820000000000010232e+01	-4.971259027317578472e+01
-8.810000000000010800e+01	-4.961866901207241654e+01
-8.800000000000011369e+01	-4.952076278037218060e+01
-8.790000000000011937e+01	-4.941901705332917771e+01
-8.780000000000012506e+01	-4.931357892038660395e+01
-8.770000000000013074e+01	-4.920459651985217420e+01
-8.760000000000013642e+01	-4.909221850057303271e+01
-8.750000000000014211e+01	-4.897659351313815534e+01
-8.740000000000014779e+01	-4.885786973252636756e+01
-8.730000000000015348e+01	-4.873619441368142446e+01
-8.720000000000015916e+01	-4.861171348094732281e+01
-8.710000000000016485e+01	-4.848457115186232613e+01
-8.700000000000017053e+01	-4.835490959542888589e+01
-8.690000000000017621e+01	-4.822286862454993894e+01
-8.680000000000018190e+01	-4.808858542204176700e+01
-8.670000000000018758e+01	-4.795219429934420674e+01
-8.660000000000019327e+01	-4.781382648678483349e+01
-8.650000000000019895e+01	-4.767360995408181168e+01
-8.640000000000020464e+01	-4.753166925962247547e+01
-8.630000000000021032e+01	-4.738812542689409923e+01
-8.620000000000021600e+01	-4.724309584640831616e+01
-8.610000000000022169e+01	-4.709669420136340534e+01
-8.600000000000022737e+01	-4.694903041530682941e+01
-8.590000000000023306e+01	-4.680021061999659793e+01
-8.580000000000023874e+01	-4.665033714175766733e+01
-8.570000000000024443e+01	-4.649950850458878193e+01
-8.560000000000025011e+01	-4.634781944837919099e+01
-8.550000000000025580e+01	-4.619536096063267649e+01
-8.540000000000026148e+01	-4.604222032018313371e+01
-8.530000000000026716e+01	-4.588848115143989759e+01
-8.520000000000027285e+01	-4.573422348782408164e+01
-8.510000000000027853e+01	-4.557952384309948712e+01
-8.500000000000028422e+01	-4.542445528943400035e+01
-8.490000000000028990e+01	-4.526908754107402189e+01
-8.480000000000029559e+01	-4.511348704264011644e+01
-8.470000000000030127e+01	-4.495771706110489419e+01
-8.460000000000030695e+01	-4.480183778062243505e+01
-8.450000000000031264e+01	-4.464590639944402994e+01
-8.440000000000031832e+01	-4.448997722823133927e+01
-8.430000000000032401e+01	-4.433410178915828936e+01
-8.420000000000032969e+01	-4.417832891525210925e+01
-8.410000000000033538e+01	-4.402270484949001172e+01
-8.400000000000034106e+01	-4.386727334323043692e+01
-8.390000000000034674e+01	-4.371207575360238451e+01
-8.380000000000035243e+01	-4.355715113954170192e+01
-8.370000000000035811e+01	-4.340253635619330908e+01
-8.360000000000036380e+01	-4.324826614745183662e+01
-8.350000000000036948e+01	-4.309437323644375795e+01
-8.340000000000037517e+01	-4.294088841379530663e+01
-8.330000000000038085e+01	-4.278784062355823892e+01
-8.320000000000038654e+01	-4.263525704668645488e+01
-8.310000000000039222e+01	-4.248316318200075870e+01
-8.300000000000039790e+01	-4.233158292457910932e+01
-8.290000000000040359e+01	-4.218053864153881705e+01
-8.280000000000040927e+01	-4.203005124520505831e+01
-8.270000000000041496e+01	-4.188014026365119946e+01
-8.260000000000042064e+01	-4.173082390863076796e+01
-8.250000000000042633e+01	-4.158211914092700567e+01
-8.240000000000043201e+01	-4.143404173314465311e+01
-8.230000000000043769e+01	-4.128660632999114455e+01
-8.220000000000044338e+01	-4.113982650609724345e+01
-8.210000000000044906e+01	-4.099371482142345968e+01
-8.200000000000045475e+01	-4.084828287432090121e+01
-8.190000000000046043e+01	-4.070354135229860049e+01
-8.180000000000046612e+01	-4.055950008057141787e+01
-8.170000000000047180e+01	-4.041616806845190268e+01
-8.160000000000047748e+01	-4.027355355365239120e+01
-8.150000000000048317e+01	-4.013166404457460601e+01
-8.140000000000048885e+01	-3.999050636064762188e+01
-8.130000000000049454e+01	-3.985008667079563338e+01
-8.120000000000050022e+01	-3.971041053009310673e+01
-8.110000000000050591e+01	-3.957148291468780599e+01
-8.100000000000051159e+01	-3.943330825505262993e+01
-8.090000000000051728e+01	-3.929589046763560845e+01
-8.080000000000052296e+01	-3.915923298497690297e+01
-8.070000000000052864e+01	-3.902333878435199921e+01
-8.060000000000053433e+01	-3.888821041500663256e+01
-8.050000000000054001e+01	-3.875385002404635770e+01
-8.040000000000054570e+01	-3.862025938103541023e+01
-8.030000000000055138e+01	-3.848743990136409820e+01
-8.020000000000055707e+01	-3.835539266844403983e+01
-8.010000000000056275e+01	-3.822411845477922299e+01
-8.000000000000056843e+01	-3.809361774196542427e+01
-7.990000000000057412e+01	-3.796389073967218053e+01
-7.980000000000057980e+01	-3.783493740365101132e+01
-7.970000000000058549e+01	-3.770675745281559443e+01
-7.960000000000059117e+01	-3.757935038544172102e+01
-7.950000000000059686e+01	-3.745271549452589710e+01
-7.940000000000060254e+01	-3.732685188234503926e+01
-7.930000000000060822e+01	-3.720175847425467452e+01
-7.920000000000061391e+01	-3.707743403176499442e+01
-7.910000000000061959e+01	-3.695387716492849250e+01
-7.900000000000062528e+01	-3.683108634407319926e+01
-7.890000000000063096e+01	-3.670905991091563436e+01
-7.880000000000063665e+01	-3.658779608908277226e+01
-7.870000000000064233e+01	-3.646729299407282099e+01
-7.860000000000064801e+01	-3.634754864268478514e+01
-7.850000000000065370e+01	-3.622856096194047382e+01
-7.840000000000065938e+01	-3.611032779752870425e+01
-7.830000000000066507e+01	-3.599284692179134737e+01
-7.820000000000067075e+01	-3.587611604127864240e+01
-7.810000000000067644e+01	-3.576013280389444304e+01
-7.800000000000068212e+01	-3.564489480565073620e+01
-7.790000000000068781e+01	-3.553039959705481010e+01
-7.780000000000069349e+01	-3.541664468914532193e+01
-7.770000000000069917e+01	-3.530362755919592388e+01
-7.760000000000070486e+01	-3.519134565610596610e+01
-7.750000000000071054e+01	-3.507979640549102385e+01
-7.740000000000071623e+01	-3.496897721449295204e+01
-7.730000000000072191e+01	-3.485888547631861911e+01
-7.720000000000072760e+01	-3.474951857452862924e+01
-7.710000000000073328e+01	-3.464087388708377091e+01
-7.700000000000073896e+01	-3.453294879016293351e+01
-7.690000000000074465e+01	-3.442574066176807435e+01
-7.680000000000075033e+01	-3.431924688512164323e+01
-7.670000000000075602e+01	-3.421346485187416420e+01
-7.660000000000076170e+01	-3.410839196512560534e+01
-7.650000000000076739e+01	-3.400402564227739788e+01
-7.640000000000077307e+01	-3.390036331771668898e+01
-7.630000000000077875e+01	-3.379740244534916371e+01
-7.620000000000078444e+01	-3.369514050098315039e+01
-7.610000000000079012e+01	-3.359357498457667646e+01
-7.600000000000079581e+01	-3.349270342235313080e+01
-7.590000000000080149e+01	-3.339252336879310690e+01
-7.580000000000080718e+01	-3.329303240850939716e+01
-7.570000000000081286e+01	-3.319422815801252824e+01
-7.560000000000081855e+01	-3.309610826737186073e+01
-7.550000000000082423e+01	-3.299867042177749710e+01
-7.540000000000082991e+01	-3.290191234301053669e+01
-7.530000000000083560e+01	-3.280583179082645984e+01
-7.520000000000084128e+01	-3.271042656425435524e+01
-7.510000000000084697e+01	-3.261569450282095062e+01
-7.500000000000085265e+01	-3.252163348769916951e+01
-7.490000000000085834e+01	-3.242824144279055787e+01
-7.480000000000086402e+01	-3.233551633574057860e+01
-7.470000000000086970e+01	-3.224345617889588311e+01
-7.460000000000087539e+01	-3.215205903020208211e+01
-7.450000000000088107e+01	-3.206132299404954722e+01
-7.440000000000088676e+01	-3.197124622206919398e+01
-7.430000000000089244e+01	-3.188182691388074375e+01
-7.420000000000089813e+01	-3.179306331779738315e+01
-7.410000000000090381e+01	-3.170495373148944651e+01
-7.400000000000090949e+01	-3.161749650261005229e+01
-7.390000000000091518e+01	-3.153069002938480025e+01
-7.380000000000092086e+01	-3.144453276116852791e+01
-7.370000000000092655e+01	-3.135902319897207136e+01
-7.360000000000093223e+01	-3.127415989595865753e+01
-7.350000000000093792e+01	-3.118994145791652528e+01
-7.340000000000094360e+01	-3.110636654370514620e+01
-7.330000000000094929e+01	-3.102343386568075800e+01
-7.320000000000095497e+01	-3.094114219010036493e+01
-7.310000000000096065e+01	-3.085949033750790349e+01
-7.300000000000096634e+01	-3.077847718310335878e+01
-7.290000000000097202e+01	-3.069810165709655081e+01
-7.280000000000097771e+01	-3.061836274504730682e+01
-7.270000000000098339e+01	-3.053925948819367520e+01
-7.260000000000098908e+01	-3.046079098376941374e+01
-7.250000000000099476e+01	-3.038295638531195664e+01
-7.240000000000100044e+01	-3.030575490296269692e+01
-7.230000000000100613e+01	-3.022918580376029496e+01
-7.220000000000101181e+01	-3.015324841192906646e+01
-7.210000000000101750e+01	-3.007794210916236466e+01
-7.200000000000102318e+01	-3.000326633490364259e+01
-7.190000000000102887e+01	-2.992922058662490414e+01
-7.180000000000103455e+01	-2.985580442010438063e+01
-7.170000000000104023e+01	-2.978301744970446663e+01
-7.160000000000104592e+01	-2.971085934865086386e+01
-7.150000000000105160e+01	-2.963932984931300396e+01
-7.140000000000105729e+01	-2.956842874348872741e+01
-7.130000000000106297e+01	-2.949815588269190414e+01
-7.120000000000106866e+01	-2.942851117844528375e+01
-7.110000000000107434e+01	-2.935949460257920407e+01
-7.100000000000108002e+01	-2.929110618753664141e+01
-7.090000000000108571e+01	-2.922334602668574632e+01
-7.080000000000109139e+01	-2.915621427464085258e+01
-7.070000000000109708e+01	-2.908971114759217613e+01
-7.060000000000110276e+01	-2.902383692364591283e+01
-7.050000000000110845e+01	-2.895859194317436902e+01
-7.040000000000111413e+01	-2.889397660917826727e+01
-7.030000000000111982e+01	-2.882999138766084357e+01
-7.020000000000112550e+01	-2.876663680801491552e+01
-7.010000000000113118e+01	-2.870391346342445615e+01
-7.000000000000113687e+01	-2.864182201127968952e+01
-6.990000000000114255e+01	-2.858036317360839718e+01
-6.980000000000114824e+01	-2.851953773752295263e+01
-6.970000000000115392e+01	-2.845934655568446203e+01
-6.960000000000115961e+01	-2.839979054678466142e+01
-6.950000000000116529e+01	-2.834087069604564846e+01
-6.940000000000117097e+01	-2.828258805574013479e+01
-6.930000000000117666e+01	-2.822494374573064491e+01
-6.920000000000118234e+01	-2.816793895403005621e+01
-6.910000000000118803e+01	-2.811157493738416946e+01
-6.900000000000119371e+01	-2.805585302187651564e+01
-6.890000000000119940e+01	-2.800077460355666759e+01
-6.880000000000120508e+01	-2.794634114909307243e+01
-6.870000000000121076e+01	-2.789255419645085254e+01
-6.860000000000121645e+01	-2.783941535559628022e+01
-6.850000000000122213e+01	-2.778692630922760642e+01
-6.840000000000122782e+01	-2.773508881353446043e+01
-6.830000000000123350e+01	-2.768390469898644213e+01
-6.820000000000123919e+01	-2.763337587115131910e+01
-6.810000000000124487e+01	-2.758350431154454085e+01
-6.800000000000125056e+01	-2.753429207851137051e+01
-6.790000000000125624e+01	-2.748574130814148830e+01
-6.780000000000126192e+01	-2.743785421521890200e+01
-6.770000000000126761e+01	-2.739063309420726000e+01
-6.760000000000127329e+01	-2.734408032027154789e+01
-6.750000000000127898e+01	-2.729819835033882569e+01
-6.740000000000128466e+01	-2.725298972419767907e+01
-6.730000000000129035e+01	-2.720845706563908095e+01
-6.720000000000129603e+01	-2.716460308363901177e+01
-6.710000000000130171e+01	-2.712143057358525056e+01
-6.700000000000130740e+01	-2.707894241854903328e+01
-6.690000000000131308e+01	-2.703714159060369937e+01
-6.680000000000131877e+01	-2.699603115219207794e+01
-6.670000000000132445e+01	-2.695561425754334905e+01
-6.660000000000133014e+01	-2.691589415414254560e+01
-6.650000000000133582e+01	-2.687687418425363717e+01
-6.640000000000134150e+01	-2.683855778649822099e+01
-6.630000000000134719e+01	-2.680094849749182018e+01
-6.620000000000135287e+01	-2.676404995354072014e+01
-6.610000000000135856e+01	-2.672786589239982646e+01
-6.600000000000136424e+01	-2.669240015509546993e+01
-6.590000000000136993e+01	-2.665765668781487818e+01
-6.580000000000137561e+01	-2.662363954386423615e+01
-6.570000000000138130e+01	-2.659035288569917554e+01
-6.560000000000138698e+01	-2.655780098702916447e+01
-6.550000000000139266e+01	-2.652598823499937453e+01
-6.540000000000139835e+01	-2.649491913245282149e+01
-6.530000000000140403e+01	-2.646459830027553295e+01
-6.520000000000140972e+01	-2.643503047982871479e+01
-6.510000000000141540e+01	-2.640622053547022929e+01
-6.500000000000142109e+01	-2.637817345717024864e+01
-6.490000000000142677e+01	-2.635089436322330059e+01
-6.480000000000143245e+01	-2.632438850306211364e+01
-6.470000000000143814e+01	-2.629866126017626016e+01
-6.460000000000144382e+01	-2.627371815514006670e+01
-6.450000000000144951e+01	-2.624956484875480811e+01
-6.440000000000145519e+01	-2.622620714530917496e+01
-6.430000000000146088e+01	-2.620365099596354952e+01
-6.420000000000146656e+01	-2.618190250226277271e+01
-6.410000000000147224e+01	-2.616096791978334579e+01
-6.400000000000147793e+01	-2.614085366192035309e+01
-6.390000000000148361e+01	-2.612156630382028411e+01
-6.380000000000148930e+01	-2.610311258646624566e+01
-6.370000000000149498e+01	-2.608549942092210827e+01
-6.360000000000150067e+01	-2.606873389274217345e+01
-6.350000000000150635e+01	-2.605282326655460423e+01
-6.340000000000151203e+01	-2.603777499082573854e+01
-6.330000000000151772e+01	-2.602359670281334303e+01
-6.320000000000152340e+01	-2.601029623371810118e+01
-6.310000000000152909e+01	-2.599788161404184095e+01
-6.300000000000153477e+01	-2.598636107916228610e+01
-6.290000000000154046e+01	-2.597574307513454528e+01
-6.280000000000154614e+01	-2.596603626472966653e+01
-6.270000000000155183e+01	-2.595724953372227972e+01
-6.260000000000155751e+01	-2.594939199743820168e+01
-6.250000000000156319e+01	-2.594247300757558961e+01
-6.240000000000156888e+01	-2.593650215931231884e+01
-6.230000000000157456e+01	-2.593148929871411923e+01
-6.220000000000158025e+01	-2.592744453045784780e+01
-6.210000000000158593e+01	-2.592437822588653873e+01
-6.200000000000159162e+01	-2.592230103141186959e+01
-6.190000000000159730e+01	-2.592122387728310429e+01
-6.180000000000160298e+01	-2.592115798673998128e+01
-6.170000000000160867e+01	-2.592211488557056498e+01
-6.160000000000161435e+01	-2.592410641209466604e+01
-6.150000000000162004e+01	-2.592714472759583089e+01
-6.140000000000162572e+01	-2.593124232722519196e+01
-6.130000000000163141e+01	-2.593641205140316686e+01
-6.120000000000163709e+01	-2.594266709774588975e+01
-6.110000000000164277e+01	-2.595002103354513423e+01
-6.100000000000164846e+01	-2.595848780883255458e+01
-6.090000000000165414e+01	-2.596808177006057861e+01
-6.080000000000165983e+01	-2.597881767443540468e+01
-6.070000000000166551e+01	-2.599071070493863189e+01
-6.060000000000167120e+01	-2.600377648607777559e+01
-6.050000000000167688e+01	-2.601803110040786748e+01
-6.040000000000168257e+01	-2.603349110586913895e+01
-6.030000000000168825e+01	-2.605017355398994994e+01
-6.020000000000169393e+01	-2.606809600900597346e+01
-6.010000000000169962e+01	-2.608727656795227290e+01
-6.000000000000170530e+01	-2.610773388178658649e+01
-5.990000000000171099e+01	-2.612948717760864881e+01
-5.980000000000171667e+01	-2.615255628204344518e+01
-5.970000000000172236e+01	-2.617696164586238794e+01
-5.960000000000172804e+01	-2.620272436992117093e+01
-5.950000000000173372e+01	-2.622986623249940408e+01
-5.940000000000173941e+01	-2.625840971813371638e+01
-5.930000000000174509e+01	-2.628837804804274114e+01
-5.920000000000175078e+01	-2.631979521225022722e+01
-5.910000000000175646e+01	-2.635268600352118540e+01
-5.900000000000176215e+01	-2.638707605323462602e+01
-5.890000000000176783e+01	-2.642299186932663702e+01
-5.880000000000177351e+01	-2.646046087644891287e+01
-5.870000000000177920e+01	-2.649951145849902190e+01
-5.860000000000178488e+01	-2.654017300369217480e+01
-5.850000000000179057e+01	-2.658247595235926752e+01
-5.840000000000179625e+01	-2.662645184767014683e+01
-5.830000000000180194e+01	-2.667213338950009316e+01
-5.820000000000180762e+01	-2.671955449167564467e+01
-5.810000000000181331e+01	-2.676875034285702171e+01
-5.800000000000181899e+01	-2.681975747133763832e+01
-5.790000000000182467e+01	-2.687261381406686667e+01
-5.780000000000183036e+01	-2.692735879023077317e+01
-5.770000000000183604e+01	-2.698403337975580740e+01
-5.760000000000184173e+01	-2.704268020713675469e+01
-5.750000000000184741e+01	-2.710334363102717958e+01
-5.740000000000185310e+01	-2.716606984007477266e+01
-5.730000000000185878e+01	-2.723090695553093710e+01
-5.720000000000186446e+01	-2.729790514121703637e+01
-5.710000000000187015e+01	-2.736711672148975083e+01
-5.700000000000187583e+01	-2.743859630791380511e+01
-5.690000000000188152e+01	-2.751240093542457288e+01
-5.680000000000188720e+01	-2.758859020884684554e+01
-5.670000000000189289e+01	-2.766722646072952330e+01
-5.660000000000189857e+01	-2.774837492156129315e+01
-5.650000000000190425e+01	-2.783210390355120722e+01
-5.640000000000190994e+01	-2.791848499929285055e+01
-5.630000000000191562e+01	-2.800759329678223608e+01
-5.620000000000192131e+01	-2.809950761243144512e+01
-5.610000000000192699e+01	-2.819431074391769698e+01
-5.600000000000193268e+01	-2.829208974492804529e+01
-5.590000000000193836e+01	-2.839293622411592466e+01
-5.580000000000194404e+01	-2.849694667087659283e+01
-5.570000000000194973e+01	-2.860422281088055740e+01
-5.560000000000195541e+01	-2.871487199468963070e+01
-5.550000000000196110e+01	-2.882900762321874311e+01
-5.540000000000196678e+01	-2.894674961431829274e+01
-5.530000000000197247e+01	-2.906822491534058628e+01
-5.520000000000197815e+01	-2.919356806723910580e+01
-5.510000000000198384e+01	-2.932292182654581936e+01
-5.500000000000198952e+01	-2.945643785250435442e+01
-5.490000000000199520e+01	-2.959427746772446355e+01
-5.480000000000200089e+01	-2.973661250200724027e+01
-5.470000000000200657e+01	-2.988362623049814815e+01
-5.460000000000201226e+01	-3.003551441911337960e+01
-5.450000000000201794e+01	-3.019248649230563331e+01
-5.440000000000202363e+01	-3.035476684076293097e+01
-5.430000000000202931e+01	-3.052259628965940408e+01
-5.420000000000203499e+01	-3.069623375171147117e+01
-5.410000000000204068e+01	-3.087595809367628163e+01
-5.400000000000204636e+01	-3.106207025024592028e+01
-5.390000000000205205e+01	-3.125489562576338187e+01
-5.380000000000205773e+01	-3.145478683210985693e+01
-5.370000000000206342e+01	-3.166212682086193553e+01
-5.360000000000206910e+01	-3.187733247988092700e+01
-5.350000000000207478e+01	-3.210085877950920263e+01
-5.340000000000208047e+01	-3.233320357234812548e+01
-5.330000000000208615e+01	-3.257491317429212074e+01
-5.320000000000209184e+01	-3.282658888457113022e+01
-5.310000000000209752e+01	-3.308889464101472555e+01
-5.300000000000210321e+01	-3.336256605631791672e+01
-5.290000000000210889e+01	-3.364842114549961849e+01
-5.280000000000211458e+01	-3.394737313920459343e+01
-5.270000000000212026e+01	-3.426044588930348311e+01
-5.260000000000212594e+01	-3.458879252278643435e+01
-5.250000000000213163e+01	-3.493371820217547707e+01
-5.240000000000213731e+01	-3.529670812745908393e+01
-5.230000000000214300e+01	-3.567946229828646665e+01
-5.220000000000214868e+01	-3.608393909472859207e+01
-5.210000000000215437e+01	-3.651241050532091492e+01
-5.200000000000216005e+01	-3.696753294978761062e+01
-5.190000000000216573e+01	-3.745243929855723763e+01
-5.180000000000217142e+01	-3.797086018941763541e+01
-5.170000000000217710e+01	-3.852728660026936325e+01
-5.160000000000218279e+01	-3.912719175056243159e+01
-5.150000000000218847e+01	-3.977734037287196855e+01
-5.140000000000219416e+01	-4.048623019102588927e+01
-5.130000000000219984e+01	-4.126473981687209402e+01
-5.120000000000220552e+01	-4.212711094156527736e+01
-5.110000000000221121e+01	-4.309249587218138799e+01
-5.100000000000221689e+01	-4.418751231927093670e+01
-5.090000000000222258e+01	-4.545071153551090504e+01
-5.080000000000222826e+01	-4.694098739081005078e+01
-5.070000000000223395e+01	-4.875500959595720474e+01
-5.060000000000223963e+01	-5.106856583919559966e+01
-5.050000000000224532e+01	-5.425663727528453251e+01
-5.040000000000225100e+01	-5.939115175847661732e+01
-5.030000000000225668e+01	-7.386414243081078723e+01
-5.020000000000226237e+01	-6.344596813971440952e+01
-5.010000000000226805e+01	-5.617763117319938715e+01
-5.000000000000227374e+01	-5.225905007862770901e+01
-4.990000000000227942e+01	-4.955588091793131156e+01
-4.980000000000228511e+01	-4.748767367034474773e+01
-4.970000000000229079e+01	-4.581075016730106597e+01
-4.960000000000229647e+01	-4.439945679016767599e+01
-4.950000000000230216e+01	-4.318043925491187451e+01
-4.940000000000230784e+01	-4.210712475580663039e+01
-4.930000000000231353e+01	-4.114808857570533007e+01
-4.920000000000231921e+01	-4.028112303828362428e+01
-4.910000000000232490e+01	-3.948995216370528283e+01
-4.900000000000233058e+01	-3.876229109584534172e+01
-4.890000000000233626e+01	-3.808863946173723747e+01
-4.880000000000234195e+01	-3.746149887026548697e+01
-4.870000000000234763e+01	-3.687484733793028369e+01
-4.860000000000235332e+01	-3.632377561860072035e+01
-4.850000000000235900e+01	-3.580422904532401418e+01
-4.840000000000236469e+01	-3.531282015554496212e+01
-4.830000000000237037e+01	-3.484669001621942641e+01
-4.820000000000237605e+01	-3.440340380761801953e+01
-4.810000000000238174e+01	-3.398087098623815905e+01
-4.800000000000238742e+01	-3.357728339498139292e+01
-4.790000000000239311e+01	-3.319106668683465955e+01
-4.780000000000239879e+01	-3.282084176667348174e+01
-4.770000000000240448e+01	-3.246539386985300268e+01
-4.760000000000241016e+01	-3.212364753155353014e+01
-4.750000000000241585e+01	-3.179464614954263268e+01
-4.740000000000242153e+01	-3.147753516458512024e+01
-4.730000000000242721e+01	-3.117154811631371203e+01
-4.720000000000243290e+01	-3.087599500416270359e+01
-4.710000000000243858e+01	-3.059025251075823704e+01
-4.700000000000244427e+01	-3.031375574124831829e+01
-4.690000000000244995e+01	-3.004599120501431031e+01
-4.680000000000245564e+01	-2.978649082212362131e+01
-4.670000000000246132e+01	-2.953482678010694329e+01
-4.660000000000246700e+01	-2.929060710032441506e+01
-4.650000000000247269e+01	-2.905347179963714055e+01
-4.640000000000247837e+01	-2.882308955401270723e+01
-4.630000000000248406e+01	-2.859915478734933103e+01
-4.620000000000248974e+01	-2.838138512214257858e+01
-4.610000000000249543e+01	-2.816951913937608509e+01
-4.600000000000250111e+01	-2.796331440373519328e+01
-4.590000000000250679e+01	-2.776254571734590826e+01
-4.580000000000251248e+01	-2.756700357106613453e+01
-4.570000000000251816e+01	-2.737649276714578406e+01
-4.560000000000252385e+01	-2.719083119103555291e+01
-4.550000000000252953e+01	-2.700984871341614024e+01
-4.540000000000253522e+01	-2.683338620626755500e+01
-4.530000000000254090e+01	-2.666129465909609664e+01
-4.520000000000254659e+01	-2.649343438337169587e+01
-4.510000000000255227e+01	-2.632967429486090083e+01
-4.500000000000255795e+01	-2.616989126492243400e+01
-4.490000000000256364e+01	-2.601396953300676529e+01
-4.480000000000256932e+01	-2.586180017360355876e+01
-4.470000000000257501e+01	-2.571328061173593582e+01
-4.460000000000258069e+01	-2.556831418183711691e+01
-4.450000000000258638e+01	-2.542680972547479001e+01
-4.440000000000259206e+01	-2.528868122393632589e+01
-4.430000000000259774e+01	-2.515384746215703515e+01
-4.420000000000260343e+01	-2.502223172088585912e+01
-4.410000000000260911e+01	-2.489376149433544327e+01
-4.400000000000261480e+01	-2.476836823087591455e+01
-4.390000000000262048e+01	-2.464598709460160464e+01
-4.380000000000262617e+01	-2.452655674583723666e+01
-4.370000000000263185e+01	-2.441001913885820329e+01
-4.360000000000263753e+01	-2.429631933528279575e+01
-4.350000000000264322e+01	-2.418540533175535501e+01
-4.340000000000264890e+01	-2.407722790068243768e+01
-4.330000000000265459e+01	-2.397174044290876793e+01
-4.320000000000266027e+01	-2.386889885133285460e+01
-4.310000000000266596e+01	-2.376866138456125910e+01
-4.300000000000267164e+01	-2.367098854978748790e+01
-4.290000000000267733e+01	-2.357584299416238949e+01
-4.280000000000268301e+01	-2.348318940399105514e+01
-4.270000000000268869e+01	-2.339299441115631240e+01
-4.260000000000269438e+01	-2.330522650622265601e+01
-4.250000000000270006e+01	-2.321985595772832056e+01
-4.240000000000270575e+01	-2.313685473721550778e+01
-4.230000000000271143e+01	-2.305619644959187298e+01
-4.220000000000271712e+01	-2.297785626845339380e+01
-4.210000000000272280e+01	-2.290181087603013310e+01
-4.200000000000272848e+01	-2.282803840744970358e+01
-4.190000000000273417e+01	-2.275651839903807172e+01
-4.180000000000273985e+01	-2.268723174040431445e+01
-4.170000000000274554e+01	-2.262016063007724043e+01
-4.160000000000275122e+01	-2.255528853448355164e+01
-4.150000000000275691e+01	-2.249260015007588720e+01
-4.140000000000276259e+01	-2.243208136843632516e+01
-4.130000000000276827e+01	-2.237371924419734981e+01
-4.120000000000277396e+01	-2.231750196563666933e+01
-4.110000000000277964e+01	-2.226341882781624548e+01
-4.100000000000278533e+01	-2.221146020814812161e+01
-4.090000000000279101e+01	-2.216161754428183528e+01
-4.080000000000279670e+01	-2.211388331421904496e+01
-4.070000000000280238e+01	-2.206825101857063487e+01
-4.060000000000280806e+01	-2.202471516488257919e+01
-4.050000000000281375e+01	-2.198327125396426496e+01
-4.040000000000281943e+01	-2.194391576816322953e+01
-4.030000000000282512e+01	-2.190664616153722477e+01
-4.020000000000283080e+01	-2.187146085188347655e+01
-4.010000000000283649e+01	-2.183835921459145624e+01
-4.000000000000284217e+01	-2.180734157829437692e+01
-3.990000000000284786e+01	-2.177840922230020126e+01
-3.980000000000285354e+01	-2.175156437579160240e+01
-3.970000000000285922e+01	-2.172681021878993590e+01
-3.960000000000286491e+01	-2.170415088488633515e+01
-3.950000000000287059e+01	-2.168359146574942287e+01
-3.940000000000287628e+01	-2.166513801742640410e+01
-3.930000000000288196e+01	-2.164879756846170622e+01
-3.920000000000288765e+01	-2.163457812986380446e+01
-3.910000000000289333e+01	-2.162248870695997738e+01
-3.900000000000289901e+01	-2.161253931318472610e+01
-3.890000000000290470e+01	-2.160474098585727631e+01
-3.880000000000291038e+01	-2.159910580401113123e+01
-3.870000000000291607e+01	-2.159564690834813661e+01
-3.860000000000292175e+01	-2.159437852339887343e+01
-3.850000000000292744e+01	-2.159531598198091018e+01
-3.840000000000293312e+01	-2.159847575205817094e+01
-3.830000000000293880e+01	-2.160387546611496035e+01
-3.820000000000294449e+01	-2.161153395317141701e+01
-3.810000000000295017e+01	-2.162147127358043264e+01
-3.800000000000295586e+01	-2.163370875676016425e+01
-3.790000000000296154e+01	-2.164826904203181357e+01
-3.780000000000296723e+01	-2.166517612275051263e+01
-3.770000000000297291e+01	-2.168445539393373878e+01
-3.760000000000297860e+01	-2.170613370361381556e+01
-3.750000000000298428e+01	-2.173023940816243282e+01
-3.740000000000298996e+01	-2.175680243185894369e+01
-3.730000000000299565e+01	-2.178585433100219859e+01
-3.720000000000300133e+01	-2.181742836289399889e+01
-3.710000000000300702e+01	-2.185155956005559830e+01
-3.700000000000301270e+01	-2.188828481007397997e+01
-3.690000000000301839e+01	-2.192764294151519522e+01
-3.680000000000302407e+01	-2.196967481638541386e+01
-3.670000000000302975e+01	-2.201442342967018817e+01
-3.660000000000303544e+01	-2.206193401653672481e+01
-3.650000000000304112e+01	-2.211225416784492381e+01
-3.640000000000304681e+01	-2.216543395468120181e+01
-3.630000000000305249e+01	-2.222152606270541497e+01
-3.620000000000305818e+01	-2.228058593718626668e+01
-3.610000000000306386e+01	-2.234267193969734677e+01
-3.600000000000306954e+01	-2.240784551755280063e+01
-3.590000000000307523e+01	-2.247617138718510077e+01
-3.580000000000308091e+01	-2.254771773280284464e+01
-3.570000000000308660e+01	-2.262255642182441306e+01
-3.560000000000309228e+01	-2.270076323875754554e+01
-3.550000000000309797e+01	-2.278241813939795435e+01
-3.540000000000310365e+01	-2.286760552744631880e+01
-3.530000000000310934e+01	-2.295641455590525126e+01
-3.520000000000311502e+01	-2.304893945591515347e+01
-3.510000000000312070e+01	-2.314527989603050884e+01
-3.500000000000312639e+01	-2.324554137533077736e+01
-3.490000000000313207e+01	-2.334983565421257268e+01
-3.480000000000313776e+01	-2.345828122723349907e+01
-3.470000000000314344e+01	-2.357100384298334816e+01
-3.460000000000314913e+01	-2.368813707666167190e+01
-3.450000000000315481e+01	-2.380982296186127556e+01
-3.440000000000316049e+01	-2.393621268901286570e+01
-3.430000000000316618e+01	-2.406746737906951239e+01
-3.420000000000317186e+01	-2.420375894232780567e+01
-3.410000000000317755e+01	-2.434527103383798519e+01
-3.400000000000318323e+01	-2.449220011869791591e+01
-3.390000000000318892e+01	-2.464475666271247434e+01
-3.380000000000319460e+01	-2.480316646651081669e+01
-3.370000000000320028e+01	-2.496767216433570979e+01
-3.360000000000320597e+01	-2.513853491247886396e+01
-3.350000000000321165e+01	-2.531603629686791379e+01
-3.340000000000321734e+01	-2.550048049481787515e+01
-3.330000000000322302e+01	-2.569219673266388781e+01
-3.320000000000322871e+01	-2.589154208921189948e+01
-3.310000000000323439e+01	-2.609890470506426752e+01
-3.300000000000324007e+01	-2.631470747041305458e+01
-3.290000000000324576e+01	-2.653941227951202819e+01
-3.280000000000325144e+01	-2.677352495961880052e+01
-3.270000000000325713e+01	-2.701760100690918520e+01
-3.260000000000326281e+01	-2.727225229327097367e+01
-3.250000000000326850e+01	-2.753815494809379771e+01
-3.240000000000327418e+01	-2.781605867106799579e+01
-3.230000000000327987e+01	-2.810679779954708124e+01
-3.220000000000328555e+01	-2.841130454274029660e+01
-3.210000000000329123e+01	-2.873062491264271401e+01
-3.200000000000329692e+01	-2.906593803925766650e+01
-3.190000000000330260e+01	-2.941857977129780366e+01
-3.180000000000330829e+01	-2.979007175658404449e+01
-3.170000000000331397e+01	-3.018215760361496791e+01
-3.160000000000331966e+01	-3.059684829992320942e+01
-3.150000000000332534e+01	-3.103647988497550969e+01
-3.140000000000333102e+01	-3.150378757293660570e+01
-3.130000000000333671e+01	-3.200200229820606523e+01
-3.120000000000334239e+01	-3.253497835077193656e+01
-3.110000000000334808e+01	-3.310736494760897131e+01
-3.100000000000335376e+01	-3.372484124009409356e+01
-3.090000000000335945e+01	-3.439444516675985852e+01
-3.080000000000336513e+01	-3.512504505584250580e+01
-3.070000000000337081e+01	-3.592803546677099291e+01
-3.060000000000337650e+01	-3.681839879196655119e+01
-3.050000000000338218e+01	-3.781639072401339519e+01
-3.040000000000338787e+01	-3.895034885656657764e+01
-3.030000000000339355e+01	-4.026166261221813869e+01
-3.020000000000339924e+01	-4.181426975002197821e+01
-3.010000000000340492e+01	-4.371475282674257556e+01
-3.000000000000341061e+01	-4.616143372790461541e+01
-2.990000000000341629e+01	-4.959394785572726505e+01
-2.980000000000342197e+01	-5.537616465036867908e+01
-2.970000000000342766e+01	-8.110588083854160857e+01
-2.960000000000343334e+01	-5.630402278546440442e+01
-2.950000000000343903e+01	-5.002894946393933395e+01
-2.940000000000344471e+01	-4.641967341055437402e+01
-2.930000000000345040e+01	-4.387516936994483530e+01
-2.920000000000345608e+01	-4.190846841918202159e+01
-2.910000000000346176e+01	-4.030548839298843689e+01
-2.900000000000346745e+01	-3.895290235739780371e+01
-2.890000000000347313e+01	-3.778340834443624630e+01
-2.880000000000347882e+01	-3.675375486996436791e+01
-2.870000000000348450e+01	-3.583449334789678176e+01
-2.860000000000349019e+01	-3.500466680509480000e+01
-2.850000000000349587e+01	-3.424883062038470882e+01
-2.840000000000350155e+01	-3.355527517451447750e+01
-2.830000000000350724e+01	-3.291491175201869623e+01
-2.820000000000351292e+01	-3.232054520884359050e+01
-2.810000000000351861e+01	-3.176638269428231354e+01
-2.800000000000352429e+01	-3.124769207293534379e+01
-2.790000000000352998e+01	-3.076055843948280710e+01
-2.780000000000353566e+01	-3.030170675224510646e+01
-2.770000000000354134e+01	-2.986837014677568547e+01
-2.760000000000354703e+01	-2.945819050213049195e+01
-2.750000000000355271e+01	-2.906914222298505734e+01
-2.740000000000355840e+01	-2.869947302354825780e+01
-2.730000000000356408e+01	-2.834765735720791824e+01
-2.720000000000356977e+01	-2.801235938486748722e+01
-2.710000000000357545e+01	-2.769240323071941390e+01
-2.700000000000358114e+01	-2.738674887077415931e+01
-2.690000000000358682e+01	-2.709447242194317340e+01
-2.680000000000359250e+01	-2.681474990300522165e+01
-2.670000000000359819e+01	-2.654684375976977151e+01
-2.660000000000360387e+01	-2.629009160961670588e+01
-2.650000000000360956e+01	-2.604389678198682745e+01
-2.640000000000361524e+01	-2.580772032283927331e+01
-2.630000000000362093e+01	-2.558107420064619930e+01
-2.620000000000362661e+01	-2.536351550488498674e+01
-2.610000000000363229e+01	-2.515464146932380274e+01
-2.600000000000363798e+01	-2.495408518465398018e+01
-2.590000000000364366e+01	-2.476151189038724709e+01
-2.580000000000364935e+01	-2.457661575602326920e+01
-2.570000000000365503e+01	-2.439911707750529146e+01
-2.560000000000366072e+01	-2.422875982783139293e+01
-2.550000000000366640e+01	-2.406530951105700566e+01
-2.540000000000367208e+01	-2.390855127734519670e+01
-2.530000000000367777e+01	-2.375828826359118295e+01
-2.520000000000368345e+01	-2.361434012978850205e+01
-2.510000000000368914e+01	-2.347654176595347053e+01
-2.500000000000369482e+01	-2.334474214828114569e+01
-2.490000000000370051e+01	-2.321880332641545408e+01
-2.480000000000370619e+01	-2.309859952640323399e+01
-2.470000000000371188e+01	-2.298401635616130534e+01
-2.460000000000371756e+01	-2.287495010219346980e+01
-2.450000000000372324e+01	-2.277130710791491097e+01
-2.440000000000372893e+01	-2.267300322532338797e+01
-2.430000000000373461e+01	-2.257996333294325808e+01
-2.420000000000374030e+01	-2.249212091399025226e+01
-2.410000000000374598e+01	-2.240941768959459779e+01
-2.400000000000375167e+01	-2.233180330269551206e+01
-2.390000000000375735e+01	-2.225923504890521087e+01
-2.380000000000376303e+01	-2.219167765124872105e+01
-2.370000000000376872e+01	-2.212910307623168649e+01
-2.360000000000377440e+01	-2.207149038918544903e+01
-2.350000000000378009e+01	-2.201882564729431380e+01
-2.340000000000378577e+01	-2.197110182913682053e+01
-2.330000000000379146e+01	-2.192831879997655165e+01
-2.320000000000379714e+01	-2.189048331242820211e+01
-2.310000000000380282e+01	-2.185760904250741987e+01
-2.300000000000380851e+01	-2.182971666145592593e+01
-2.290000000000381419e+01	-2.180683394412399778e+01
-2.280000000000381988e+01	-2.178899591509716061e+01
-2.270000000000382556e+01	-2.177624503418169155e+01
-2.260000000000383125e+01	-2.176863142332104673e+01
-2.250000000000383693e+01	-2.176621313751422448e+01
-2.240000000000384262e+01	-2.176905648285552886e+01
-2.230000000000384830e+01	-2.177723638542682494e+01
-2.220000000000385398e+01	-2.179083681546119422e+01
-2.210000000000385967e+01	-2.180995127197874695e+01
-2.200000000000386535e+01	-2.183468333398825223e+01
-2.190000000000387104e+01	-2.186514728537903096e+01
-2.180000000000387672e+01	-2.190146882182051513e+01
-2.170000000000388241e+01	-2.194378584937976484e+01
-2.160000000000388809e+01	-2.199224938619866521e+01
-2.150000000000389377e+01	-2.204702458049542102e+01
-2.140000000000389946e+01	-2.210829186043136829e+01
-2.130000000000390514e+01	-2.217624823409211743e+01
-2.120000000000391083e+01	-2.225110876106906233e+01
-2.110000000000391651e+01	-2.233310822101403659e+01
-2.100000000000392220e+01	-2.242250300923145545e+01
-2.090000000000392788e+01	-2.251957329506048211e+01
-2.080000000000393356e+01	-2.262462548573441623e+01
-2.070000000000393925e+01	-2.273799504690103745e+01
-2.060000000000394493e+01	-2.286004974145747326e+01
-2.050000000000395062e+01	-2.299119336132644875e+01
-2.040000000000395630e+01	-2.313187004297705940e+01
-2.030000000000396199e+01	-2.328256927778771157e+01
-2.020000000000396767e+01	-2.344383175398597530e+01
-2.010000000000397335e+01	-2.361625619951409405e+01
-2.000000000000397904e+01	-2.380050743697431415e+01
-1.990000000000398472e+01	-2.399732591582779406e+01
-1.980000000000399041e+01	-2.420753905742070700e+01
-1.970000000000399609e+01	-2.443207484100579663e+01
-1.960000000000400178e+01	-2.467197818190844316e+01
-1.950000000000400746e+01	-2.492843081806020678e+01
-1.940000000000401315e+01	-2.520277564522229596e+01
-1.930000000000401883e+01	-2.549654674920842723e+01
-1.920000000000402451e+01	-2.581150681236236366e+01
-1.910000000000403020e+01	-2.614969417766327098e+01
-1.900000000000403588e+01	-2.651348272395584615e+01
-1.890000000000404157e+01	-2.690565897678424534e+01
-1.880000000000404725e+01	-2.732952277167150967e+01
-1.870000000000405294e+01	-2.778902066456574715e+01
-1.860000000000405862e+01	-2.828892576542602200e+01
-1.850000000000406430e+01	-2.883508483622788532e+01
-1.840000000000406999e+01	-2.943476530001889557e+01
-1.830000000000407567e+01	-3.009715493346339343e+01
-1.820000000000408136e+01	-3.083410270180626966e+01
-1.810000000000408704e+01	-3.166125543929950581e+01
-1.800000000000409273e+01	-3.259987488325445781e+01
-1.790000000000409841e+01	-3.367989101286036657e+01
-1.780000000000410409e+01	-3.494536245431955024e+01
-1.770000000000410978e+01	-3.646505493343287441e+01
-1.760000000000411546e+01	-3.835525268207034344e+01
-1.750000000000412115e+01	-4.083704366490563586e+01
-1.740000000000412683e+01	-4.441897881265475689e+01
-1.730000000000413252e+01	-5.081723397539536791e+01
-1.720000000000413820e+01	-6.987141549940599816e+01
-1.710000000000414389e+01	-4.890982110789117598e+01
-1.700000000000414957e+01	-4.320521973941552574e+01
-1.690000000000415525e+01	-3.973676142570874248e+01
-1.680000000000416094e+01	-3.722410790751599308e+01
-1.670000000000416662e+01	-3.524533690257867846e+01
-1.660000000000417231e+01	-3.360817910227803651e+01
-1.650000000000417799e+01	-3.220868268782944455e+01
-1.640000000000418368e+01	-3.098423711509370904e+01
-1.630000000000418936e+01	-2.989419469345772029e+01
-1.620000000000419504e+01	-2.891066457534285661e+01
-1.610000000000420073e+01	-2.801367597034894175e+01
-1.600000000000420641e+01	-2.718843653831928719e+01
-1.590000000000421210e+01	-2.642368317713461323e+01
-1.580000000000421778e+01	-2.571064122251230089e+01
-1.570000000000422347e+01	-2.504234112957242431e+01
-1.560000000000422915e+01	-2.441315471934963455e+01
-1.550000000000423483e+01	-2.381847141702246873e+01
-1.540000000000424052e+01	-2.325446664542227637e+01
-1.530000000000424620e+01	-2.271793258463670639e+01
-1.520000000000425189e+01	-2.220615217076818837e+01
-1.510000000000425757e+01	-2.171680371905970830e+01
-1.500000000000426326e+01	-2.124788765191867768e+01
-1.490000000000426894e+01	-2.079766945534466061e+01
-1.480000000000427463e+01	-2.036463473281855485e+01
-1.470000000000428031e+01	-1.994745340273680512e+01
-1.460000000000428599e+01	-1.954495089416567311e+01
-1.450000000000429168e+01	-1.915608476085281708e+01
-1.440000000000429736e+01	-1.877992553458799563e+01
-1.430000000000430305e+01	-1.841564092782332551e+01
-1.420000000000430873e+01	-1.806248270614464957e+01
-1.410000000000431442e+01	-1.771977570673366031e+01
-1.400000000000432010e+01	-1.738690859509512165e+01
-1.390000000000432578e+01	-1.706332603993473995e+01
-1.380000000000433147e+01	-1.674852205280849304e+01
-1.370000000000433715e+01	-1.644203429045871800e+01
-1.360000000000434284e+01	-1.614343915751103253e+01
-1.350000000000434852e+01	-1.585234757826980534e+01
-1.340000000000435421e+01	-1.556840133079956701e+01
-1.330000000000435989e+01	-1.529126985585960163e+01
-1.320000000000436557e+01	-1.502064746872124346e+01
-1.310000000000437126e+01	-1.475625091431179214e+01
-1.300000000000437694e+01	-1.449781721615419272e+01
-1.290000000000438263e+01	-1.424510177771384534e+01
-1.280000000000438831e+01	-1.399787670141138207e+01
-1.270000000000439400e+01	-1.375592929601440062e+01
-1.260000000000439968e+01	-1.351906074761868837e+01
-1.250000000000440536e+01	-1.328708493315429351e+01
-1.240000000000441105e+01	-1.305982735845021558e+01
-1.230000000000441673e+01	-1.283712420548003941e+01
-1.220000000000442242e+01	-1.261882147558151246e+01
-1.210000000000442810e+01	-1.240477421727065632e+01
-1.200000000000443379e+01	-1.219484582881467460e+01
-1.190000000000443947e+01	-1.198890742703761880e+01
-1.180000000000444516e+01	-1.178683727494589384e+01
-1.170000000000445084e+01	-1.158852026171162208e+01
-1.160000000000445652e+01	-1.139384742936521278e+01
-1.150000000000446221e+01	-1.120271554124743218e+01
-1.140000000000446789e+01	-1.101502668787254891e+01
-1.130000000000447358e+01	-1.083068792637395106e+01
-1.120000000000447926e+01	-1.064961095015297943e+01
-1.110000000000448495e+01	-1.047171178574225436e+01
-1.100000000000449063e+01	-1.029691051423445103e+01
-1.090000000000449631e+01	-1.012513101492353940e+01
-1.080000000000450200e+01	-9.956300729064505362e+00
-1.070000000000450768e+01	-9.790350441884609012e+00
-1.060000000000451337e+01	-9.627214081178273375e+00
-1.050000000000451905e+01	-9.466828530992980717e+00
-1.040000000000452474e+01	-9.309133459068286598e+00
-1.030000000000453042e+01	-9.154071156826264044e+00
-1.020000000000453610e+01	-9.001586390832827078e+00
-1.010000000000454179e+01	-8.851626264756323081e+00
-1.000000000000454747e+01	-8.704140090944981978e+00
-9.900000000004553158e+00	-8.559079270829482056e+00
-9.800000000004558842e+00	-8.416397183432447804e+00
-9.700000000004564527e+00	-8.276049081333908930e+00
-9.600000000004570211e+00	-8.137991993502197374e+00
-9.500000000004575895e+00	-8.002184634453511691e+00
-9.400000000004581580e+00	-7.868587319251942880e+00
-9.300000000004587264e+00	-7.737161883905163684e+00
-9.200000000004592948e+00	-7.607871610749999292e+00
-9.100000000004598633e+00	-7.480681158457493041e+00
-9.000000000004604317e+00	-7.355556496318717663e+00
-8.900000000004610001e+00	-7.232464842501286739e+00
-8.800000000004615686e+00	-7.111374605992551778e+00
-8.700000000004621370e+00	-6.992255331968852516e+00
-8.600000000004627054e+00	-6.875077650351613556e+00
-8.500000000004632739e+00	-6.759813227330263352e+00
-8.400000000004638423e+00	-6.646434719649670697e+00
-8.300000000004644107e+00	-6.534915731475694045e+00
-8.200000000004649792e+00	-6.425230773666972262e+00
-8.100000000004655476e+00	-6.317355225294418730e+00
-8.000000000004661160e+00	-6.211265297262039908e+00
-7.900000000004666845e+00	-6.106937997893514769e+00
-7.800000000004672529e+00	-6.004351100359489379e+00
-7.700000000004678213e+00	-5.903483111829470609e+00
-7.600000000004683898e+00	-5.804313244240805858e+00
-7.500000000004689582e+00	-5.706821386585129829e+00
-7.400000000004695266e+00	-5.610988078619653763e+00
-7.300000000004700951e+00	-5.516794485917298374e+00
-7.200000000004706635e+00	-5.424222376175792171e+00
-7.100000000004712319e+00	-5.333254096711328884e+00
-7.000000000004718004e+00	-5.243872553067474129e+00
-6.900000000004723688e+00	-5.156061188674935458e+00
-6.800000000004729372e+00	-5.069803965501890275e+00
-6.700000000004735057e+00	-4.985085345638858634e+00
-6.600000000004740741e+00	-4.901890273765678430e+00
-6.500000000004746425e+00	-4.820204160451600828e+00
-6.400000000004752110e+00	-4.740012866242783396e+00
-6.300000000004757794e+00	-4.661302686494411596e+00
-6.200000000004763479e+00	-4.584060336907240796e+00
-6.100000000004769163e+00	-4.508272939731246431e+00
-6.000000000004774847e+00	-4.433928010601052350e+00
-5.900000000004780532e+00	-4.361013445970253422e+00
-5.800000000004786216e+00	-4.289517511113715820e+00
-5.700000000004791900e+00	-4.219428828668802645e+00
-5.600000000004797585e+00	-4.150736367688307560e+00
-5.500000000004803269e+00	-4.083429433179447621e+00
-5.400000000004808953e+00	-4.017497656104909609e+00
-5.300000000004814638e+00	-3.952930983823252920e+00
-5.200000000004820322e+00	-3.889719670947415775e+00
-5.100000000004826006e+00	-3.827854270601278142e+00
-5.000000000004831691e+00	-3.767325626055382237e+00
-4.900000000004837375e+00	-3.708124862724044846e+00
-4.800000000004843059e+00	-3.650243380507120605e+00
-4.700000000004848744e+00	-3.593672846460568060e+00
-4.600000000004854428e+00	-3.538405187780975236e+00
-4.500000000004860112e+00	-3.484432585089946244e+00
-4.400000000004865797e+00	-3.431747466005105274e+00
-4.300000000004871481e+00	-3.380342498985164479e+00
-4.200000000004877165e+00	-3.330210587437261172e+00
-4.100000000004882850e+00	-3.281344864075368850e+00
-4.000000000004888534e+00	-3.233738685519231826e+00
-3.900000000004894218e+00	-3.187385627123849652e+00
-3.800000000004899903e+00	-3.142279478030094886e+00
-3.700000000004905587e+00	-3.098414236427522006e+00
-3.600000000004911271e+00	-3.055784105020962205e+00
-3.500000000004916956e+00	-3.014383486692937986e+00
-3.400000000004922640e+00	-2.974206980354356489e+00
-3.300000000004928324e+00	-2.935249376976346802e+00
-3.200000000004934009e+00	-2.897505655796513313e+00
-3.100000000004939693e+00	-2.860970980693242627e+00
-3.000000000004945377e+00	-2.825640696722009348e+00
-2.900000000004951062e+00	-2.791510326808003928e+00
-2.800000000004956746e+00	-2.758575568589725524e+00
-2.700000000004962430e+00	-2.726832291408383568e+00
-2.600000000004968115e+00	-2.696276533438366929e+00
-2.500000000004973799e+00	-2.666904498954206115e+00
-2.400000000004979483e+00	-2.638712555729765263e+00
-2.300000000004985168e+00	-2.611697232565590276e+00
-2.200000000004990852e+00	-2.585855216940648127e+00
-2.100000000004996537e+00	-2.561183352784837108e+00
-2.000000000005002221e+00	-2.537678638368894735e+00
-1.900000000005007905e+00	-2.515338224308532045e+00
-1.800000000005013590e+00	-2.494159411679818472e+00
-1.700000000005019274e+00	-2.474139650243010191e+00
-1.600000000005024958e+00	-2.455276536772201368e+00
-1.500000000005030643e+00	-2.437567813488382473e+00
-1.400000000005036327e+00	-2.421011366593563974e+00
-1.300000000005042011e+00	-2.405605224903924366e+00
-1.200000000005047696e+00	-2.391347558579926869e+00
-1.100000000005053380e+00	-2.378236677951672817e+00
-1.000000000005059064e+00	-2.366271032437733179e+00
-9.000000000050647486e-01	-2.355449209555993573e+00
-8.000000000050704330e-01	-2.345769934025065062e+00
-7.000000000050761173e-01	-2.337232066955032828e+00
-6.000000000050818016e-01	-2.329834605126376967e+00
-5.000000000050874860e-01	-2.323576680356061352e+00
-4.000000000050931703e-01	-2.318457558949936548e+00
-3.000000000050988547e-01	-2.314476641240639676e+00
-2.000000000051045390e-01	-2.311633461210400586e+00
-1.000000000051102234e-01	-2.309927686198208097e+00
-5.115907697472721338e-12	-2.309359116690929525e+00
9.999999999487840796e-02	-2.309927686198093078e+00
1.999999999948727236e-01	-2.311633461210167884e+00
2.999999999948670393e-01	-2.314476641240287957e+00
3.999999999948613549e-01	-2.318457558949472030e+00
4.999999999948556706e-01	-2.323576680355481816e+00
5.999999999948499863e-01	-2.329834605125679747e+00
6.999999999948443019e-01	-2.337232066954216592e+00
7.999999999948386176e-01	-2.345769934024134695e+00
8.999999999948329332e-01	-2.355449209554945522e+00
9.999999999948272489e-01	-2.366271032436569666e+00
1.099999999994821565e+00	-2.378236677950391620e+00
1.199999999994815880e+00	-2.391347558578528876e+00
1.299999999994810196e+00	-2.405605224902403805e+00
1.399999999994804512e+00	-2.421011366591930614e+00
1.499999999994798827e+00	-2.437567813486628321e+00
1.599999999994793143e+00	-2.455276536770329532e+00
1.699999999994787458e+00	-2.474139650241019339e+00
1.799999999994781774e+00	-2.494159411677712601e+00
1.899999999994776090e+00	-2.515338224306304049e+00
1.999999999994770405e+00	-2.537678638366549055e+00
2.099999999994764721e+00	-2.561183352782372857e+00
2.199999999994759037e+00	-2.585855216938063528e+00
2.299999999994753352e+00	-2.611697232562885773e+00
2.399999999994747668e+00	-2.638712555726942632e+00
2.499999999994741984e+00	-2.666904498951263580e+00
2.599999999994736299e+00	-2.696276533435301381e+00
2.699999999994730615e+00	-2.726832291405196340e+00
2.799999999994724931e+00	-2.758575568586417059e+00
2.899999999994719246e+00	-2.791510326804572450e+00
2.999999999994713562e+00	-2.825640696718453970e+00
3.099999999994707878e+00	-2.860970980689567789e+00
3.199999999994702193e+00	-2.897505655792715018e+00
3.299999999994696509e+00	-2.935249376972421942e+00
3.399999999994690825e+00	-2.974206980350306839e+00
3.499999999994685140e+00	-3.014383486688763547e+00
3.599999999994679456e+00	-3.055784105016662977e+00
3.699999999994673772e+00	-3.098414236423097989e+00
3.799999999994668087e+00	-3.142279478025546968e+00
3.899999999994662403e+00	-3.187385627119172060e+00
3.999999999994656719e+00	-3.233738685514425004e+00
4.099999999994651034e+00	-3.281344864070435463e+00
4.199999999994645350e+00	-3.330210587432197222e+00
4.299999999994639666e+00	-3.380342498979971300e+00
4.399999999994633981e+00	-3.431747465999779756e+00
4.499999999994628297e+00	-3.484432585084489720e+00
4.599999999994622613e+00	-3.538405187775386818e+00
4.699999999994616928e+00	-3.593672846454847747e+00
4.799999999994611244e+00	-3.650243380501266177e+00
4.899999999994605560e+00	-3.708124862718056747e+00
4.999999999994599875e+00	-3.767325626049257803e+00
5.099999999994594191e+00	-3.827854270595016928e+00
5.199999999994588507e+00	-3.889719670941016449e+00
5.299999999994582822e+00	-3.952930983816713262e+00
5.399999999994577138e+00	-4.017497656098235836e+00
5.499999999994571453e+00	-4.083429433172632628e+00
5.599999999994565769e+00	-4.150736367681350458e+00
5.699999999994560085e+00	-4.219428828661703434e+00
5.799999999994554400e+00	-4.289517511106470060e+00
5.899999999994548716e+00	-4.361013445962865553e+00
5.999999999994543032e+00	-4.433928010593518820e+00
6.099999999994537347e+00	-4.508272939723565464e+00
6.199999999994531663e+00	-4.584060336899410615e+00
6.299999999994525979e+00	-4.661302686486433089e+00
6.399999999994520294e+00	-4.740012866234660116e+00
6.499999999994514610e+00	-4.820204160443317676e+00
6.599999999994508926e+00	-4.901890273757244287e+00
6.699999999994503241e+00	-4.985085345630267284e+00
6.799999999994497557e+00	-5.069803965493142606e+00
6.899999999994491873e+00	-5.156061188666032358e+00
6.999999999994486188e+00	-5.243872553058411157e+00
7.099999999994480504e+00	-5.333254096702103375e+00
7.199999999994474820e+00	-5.424222376166405013e+00
7.299999999994469135e+00	-5.516794485907741574e+00
7.399999999994463451e+00	-5.610988078609930874e+00
7.499999999994457767e+00	-5.706821386575241739e+00
7.599999999994452082e+00	-5.804313244230748126e+00
7.699999999994446398e+00	-5.903483111819234352e+00
7.799999999994440714e+00	-6.004351100349079040e+00
7.899999999994435029e+00	-6.106937997882926794e+00
7.999999999994429345e+00	-6.211265297251271633e+00
8.099999999994423661e+00	-6.317355225283472819e+00
8.199999999994417976e+00	-6.425230773655837169e+00
8.299999999994412292e+00	-6.534915731464376876e+00
8.399999999994406608e+00	-6.646434719638165234e+00
8.499999999994400923e+00	-6.759813227318566042e+00
8.599999999994395239e+00	-6.875077650339721735e+00
8.699999999994389555e+00	-6.992255331956766184e+00
8.799999999994383870e+00	-7.111374605980264718e+00
8.899999999994378186e+00	-7.232464842488795398e+00
8.999999999994372502e+00	-7.355556496306014935e+00
9.099999999994366817e+00	-7.480681158444585144e+00
9.199999999994361133e+00	-7.607871610736877344e+00
9.299999999994355449e+00	-7.737161883891824132e+00
9.399999999994349764e+00	-7.868587319238384836e+00
9.499999999994344080e+00	-8.002184634439727162e+00
9.599999999994338395e+00	-8.137991993488187248e+00
9.699999999994332711e+00	-8.276049081319667877e+00
9.799999999994327027e+00	-8.416397183417965167e+00
9.899999999994321342e+00	-8.559079270814763163e+00
9.999999999994315658e+00	-8.704140090930017948e+00
1.009999999999430997e+01	-8.851626264741103256e+00
1.019999999999430429e+01	-9.001586390817353234e+00
1.029999999999429861e+01	-9.154071156810532628e+00
1.039999999999429292e+01	-9.309133459052286952e+00
1.049999999999428724e+01	-9.466828530976712841e+00
1.059999999999428155e+01	-9.627214081161715953e+00
1.069999999999427587e+01	-9.790350441867774478e+00
1.079999999999427018e+01	-9.956300729047377729e+00
1.089999999999426450e+01	-1.012513101490611689e+01
1.099999999999425881e+01	-1.029691051421672299e+01
1.109999999999425313e+01	-1.047171178572420658e+01
1.119999999999424745e+01	-1.064961095013461190e+01
1.129999999999424176e+01	-1.083068792635526378e+01
1.139999999999423608e+01	-1.101502668785352057e+01
1.149999999999423039e+01	-1.120271554122805213e+01
1.159999999999422471e+01	-1.139384742934547745e+01
1.169999999999421902e+01	-1.158852026169151550e+01
1.179999999999421334e+01	-1.178683727492541067e+01
1.189999999999420766e+01	-1.198890742701674483e+01
1.199999999999420197e+01	-1.219484582879340095e+01
1.209999999999419629e+01	-1.240477421724897056e+01
1.219999999999419060e+01	-1.261882147555939859e+01
1.229999999999418492e+01	-1.283712420545747257e+01
1.239999999999417923e+01	-1.305982735842720110e+01
1.249999999999417355e+01	-1.328708493313080119e+01
1.259999999999416787e+01	-1.351906074759470755e+01
1.269999999999416218e+01	-1.375592929598990821e+01
1.279999999999415650e+01	-1.399787670138636742e+01
1.289999999999415081e+01	-1.424510177768827113e+01
1.299999999999414513e+01	-1.449781721612803764e+01
1.309999999999413944e+01	-1.475625091428504554e+01
1.319999999999413376e+01	-1.502064746869388223e+01
1.329999999999412807e+01	-1.529126985583158671e+01
1.339999999999412239e+01	-1.556840133077086641e+01
1.349999999999411671e+01	-1.585234757824039598e+01
1.359999999999411102e+01	-1.614343915748087355e+01
1.369999999999410534e+01	-1.644203429042776676e+01
1.379999999999409965e+01	-1.674852205277671047e+01
1.389999999999409397e+01	-1.706332603990208341e+01
1.399999999999408828e+01	-1.738690859506155206e+01
1.409999999999408260e+01	-1.771977570669910307e+01
1.419999999999407692e+01	-1.806248270610906204e+01
1.429999999999407123e+01	-1.841564092778663309e+01
1.439999999999406555e+01	-1.877992553455011659e+01
1.449999999999405986e+01	-1.915608476081368750e+01
1.459999999999405418e+01	-1.954495089412520414e+01
1.469999999999404849e+01	-1.994745340269488665e+01
1.479999999999404281e+01	-2.036463473277506608e+01
1.489999999999403713e+01	-2.079766945529948785e+01
1.499999999999403144e+01	-2.124788765187167527e+01
1.509999999999402576e+01	-2.171680371901070217e+01
1.519999999999402007e+01	-2.220615217071701153e+01
1.529999999999401439e+01	-2.271793258458312792e+01
1.539999999999400870e+01	-2.325446664536603336e+01
1.549999999999400302e+01	-2.381847141696324144e+01
1.559999999999399733e+01	-2.441315471928707836e+01
1.569999999999399165e+01	-2.504234112950611291e+01
1.579999999999398597e+01	-2.571064122244174044e+01
1.589999999999398028e+01	-2.642368317705913938e+01
1.599999999999397460e+01	-2.718843653823811479e+01
1.609999999999396891e+01	-2.801367597026106182e+01
1.619999999999396323e+01	-2.891066457524695821e+01
1.629999999999395754e+01	-2.989419469335203061e+01
1.639999999999395186e+01	-3.098423711497585487e+01
1.649999999999394618e+01	-3.220868268769602594e+01
1.659999999999394049e+01	-3.360817910212398374e+01
1.669999999999393481e+01	-3.524533690239601924e+01
1.679999999999392912e+01	-3.722410790729060182e+01
1.689999999999392344e+01	-3.973676142541336276e+01
1.699999999999391775e+01	-4.320521973898347312e+01
1.709999999999391207e+01	-4.890982110707398789e+01
1.719999999999390639e+01	-6.987141549045482236e+01
1.729999999999390070e+01	-5.081723397637350104e+01
1.739999999999389502e+01	-4.441897881311312091e+01
1.749999999999388933e+01	-4.083704366520273510e+01
1.759999999999388365e+01	-3.835525268228883533e+01
1.769999999999387796e+01	-3.646505493360472627e+01
1.779999999999387228e+01	-3.494536245446057876e+01
1.789999999999386660e+01	-3.367989101297944643e+01
1.799999999999386091e+01	-3.259987488335709571e+01
1.809999999999385523e+01	-3.166125543938940012e+01
1.819999999999384954e+01	-3.083410270188599611e+01
1.829999999999384386e+01	-3.009715493353475679e+01
1.839999999999383817e+01	-2.943476530008329917e+01
1.849999999999383249e+01	-2.883508483628638075e+01
1.859999999999382680e+01	-2.828892576547943349e+01
1.869999999999382112e+01	-2.778902066461473197e+01
1.879999999999381544e+01	-2.732952277171663269e+01
1.889999999999380975e+01	-2.690565897682593999e+01
1.899999999999380407e+01	-2.651348272399447126e+01
1.909999999999379838e+01	-2.614969417769914628e+01
1.919999999999379270e+01	-2.581150681239574141e+01
1.929999999999378701e+01	-2.549654674923954190e+01
1.939999999999378133e+01	-2.520277564525133940e+01
1.949999999999377565e+01	-2.492843081808734595e+01
1.959999999999376996e+01	-2.467197818193381664e+01
1.969999999999376428e+01	-2.443207484102954652e+01
1.979999999999375859e+01	-2.420753905744291856e+01
1.989999999999375291e+01	-2.399732591584859165e+01
1.999999999999374722e+01	-2.380050743699379012e+01
2.009999999999374154e+01	-2.361625619953233013e+01
2.019999999999373586e+01	-2.344383175400303543e+01
2.029999999999373017e+01	-2.328256927780365970e+01
2.039999999999372449e+01	-2.313187004299195593e+01
2.049999999999371880e+01	-2.299119336134034342e+01
2.059999999999371312e+01	-2.286004974147041224e+01
2.069999999999370743e+01	-2.273799504691307760e+01
2.079999999999370175e+01	-2.262462548574557530e+01
2.089999999999369606e+01	-2.251957329507081695e+01
2.099999999999369038e+01	-2.242250300924098383e+01
2.109999999999368470e+01	-2.233310822102279047e+01
2.119999999999367901e+01	-2.225110876107708080e+01
2.129999999999367333e+01	-2.217624823409942536e+01
2.139999999999366764e+01	-2.210829186043796568e+01
2.149999999999366196e+01	-2.204702458050136116e+01
2.159999999999365627e+01	-2.199224938620394454e+01
2.169999999999365059e+01	-2.194378584938440468e+01
2.179999999999364491e+01	-2.190146882182453325e+01
2.189999999999363922e+01	-2.186514728538244867e+01
2.199999999999363354e+01	-2.183468333399108019e+01
2.209999999999362785e+01	-2.180995127198097805e+01
2.219999999999362217e+01	-2.179083681546286755e+01
2.229999999999361648e+01	-2.177723638542793339e+01
2.239999999999361080e+01	-2.176905648285609374e+01
2.249999999999360512e+01	-2.176621313751423514e+01
2.259999999999359943e+01	-2.176863142332053158e+01
2.269999999999359375e+01	-2.177624503418065771e+01
2.279999999999358806e+01	-2.178899591509559386e+01
2.289999999999358238e+01	-2.180683394412190168e+01
2.299999999999357669e+01	-2.182971666145333955e+01
2.309999999999357101e+01	-2.185760904250431125e+01
2.319999999999356532e+01	-2.189048331242457834e+01
2.329999999999355964e+01	-2.192831879997242694e+01
2.339999999999355396e+01	-2.197110182913219489e+01
2.349999999999354827e+01	-2.201882564728918368e+01
2.359999999999354259e+01	-2.207149038917980022e+01
2.369999999999353690e+01	-2.212910307622553674e+01
2.379999999999353122e+01	-2.219167765124207392e+01
2.389999999999352553e+01	-2.225923504889805926e+01
2.399999999999351985e+01	-2.233180330268782399e+01
2.409999999999351417e+01	-2.240941768958639813e+01
2.419999999999350848e+01	-2.249212091398153390e+01
2.429999999999350280e+01	-2.257996333293400326e+01
2.439999999999349711e+01	-2.267300322531360024e+01
2.449999999999349143e+01	-2.277130710790457258e+01
2.459999999999348574e+01	-2.287495010218259850e+01
2.469999999999348006e+01	-2.298401635614986915e+01
2.479999999999347438e+01	-2.309859952639122582e+01
2.489999999999346869e+01	-2.321880332640287747e+01
2.499999999999346301e+01	-2.334474214826797578e+01
2.509999999999345732e+01	-2.347654176593966824e+01
2.519999999999345164e+01	-2.361434012977408159e+01
2.529999999999344595e+01	-2.375828826357614787e+01
2.539999999999344027e+01	-2.390855127732947949e+01
2.549999999999343459e+01	-2.406530951104064542e+01
2.559999999999342890e+01	-2.422875982781431148e+01
2.569999999999342322e+01	-2.439911707748750302e+01
2.579999999999341753e+01	-2.457661575600472759e+01
2.589999999999341185e+01	-2.476151189036794875e+01
2.599999999999340616e+01	-2.495408518463387182e+01
2.609999999999340048e+01	-2.515464146930286660e+01
2.619999999999339479e+01	-2.536351550486319084e+01
2.629999999999338911e+01	-2.558107420062349036e+01
2.639999999999338343e+01	-2.580772032281560513e+01
2.649999999999337774e+01	-2.604389678196214675e+01
2.659999999999337206e+01	-2.629009160959100910e+01
2.669999999999336637e+01	-2.654684375974296628e+01
2.679999999999336069e+01	-2.681474990297723338e+01
2.689999999999335500e+01	-2.709447242191392746e+01
2.699999999999334932e+01	-2.738674887074355269e+01
2.709999999999334364e+01	-2.769240323068743947e+01
2.719999999999333795e+01	-2.801235938483399579e+01
2.729999999999333227e+01	-2.834765735717276769e+01
2.739999999999332658e+01	-2.869947302351139129e+01
2.749999999999332090e+01	-2.906914222294627237e+01
2.759999999999331521e+01	-2.945819050208964640e+01
2.769999999999330953e+01	-2.986837014673256618e+01
2.779999999999330385e+01	-3.030170675219949672e+01
2.789999999999329816e+01	-3.076055843943448664e+01
2.799999999999329248e+01	-3.124769207288390760e+01
2.809999999999328679e+01	-3.176638269422747740e+01
2.819999999999328111e+01	-3.232054520878492809e+01
2.829999999999327542e+01	-3.291491175195563557e+01
2.839999999999326974e+01	-3.355527517444635777e+01
2.849999999999326405e+01	-3.424883062031076264e+01
2.859999999999325837e+01	-3.500466680501385497e+01
2.869999999999325269e+01	-3.583449334780751627e+01
2.879999999999324700e+01	-3.675375486986507667e+01
2.889999999999324132e+01	-3.778340834432431450e+01
2.899999999999323563e+01	-3.895290235726980654e+01
2.909999999999322995e+01	-4.030548839283868290e+01
2.919999999999322426e+01	-4.190846841900178532e+01
2.929999999999321858e+01	-4.387516936971895376e+01
2.939999999999321290e+01	-4.641967341025214466e+01
2.949999999999320721e+01	-5.002894946348175154e+01
2.959999999999320153e+01	-5.630402278452454823e+01
2.969999999999319584e+01	-8.110588085485895249e+01
2.979999999999319016e+01	-5.537616465120949272e+01
2.989999999999318447e+01	-4.959394785615849344e+01
2.999999999999317879e+01	-4.616143372819436763e+01
3.009999999999317311e+01	-4.371475282696023612e+01
3.019999999999316742e+01	-4.181426975019630277e+01
3.029999999999316174e+01	-4.026166261236335231e+01
3.039999999999315605e+01	-3.895034885669091551e+01
3.049999999999315037e+01	-3.781639072412190217e+01
3.059999999999314468e+01	-3.681839879206280131e+01
3.069999999999313900e+01	-3.592803546685723859e+01
3.079999999999313332e+01	-3.512504505592087156e+01
3.089999999999312763e+01	-3.439444516683134623e+01
3.099999999999312195e+01	-3.372484124015973350e+01
3.109999999999311626e+01	-3.310736494766964455e+01
3.119999999999311058e+01	-3.253497835082838208e+01
3.129999999999310489e+01	-3.200200229825883014e+01
3.139999999999309921e+01	-3.150378757298586407e+01
3.149999999999309352e+01	-3.103647988502183352e+01
3.159999999999308784e+01	-3.059684829996690070e+01
3.169999999999308216e+01	-3.018215760365615807e+01
3.179999999999307647e+01	-2.979007175662312790e+01
3.189999999999307079e+01	-2.941857977133489754e+01
3.199999999999306510e+01	-2.906593803929279574e+01
3.209999999999305942e+01	-2.873062491267618057e+01
3.219999999999305373e+01	-2.841130454277221773e+01
3.229999999999304805e+01	-2.810679779957750668e+01
3.239999999999304237e+01	-2.781605867109703212e+01
3.249999999999303668e+01	-2.753815494812158349e+01
3.259999999999303100e+01	-2.727225229329757994e+01
3.269999999999302531e+01	-2.701760100693470434e+01
3.279999999999301963e+01	-2.677352495964328938e+01
3.289999999999301394e+01	-2.653941227953550452e+01
3.299999999999300826e+01	-2.631470747043556457e+01
3.309999999999300258e+01	-2.609890470508590354e+01
3.319999999999299689e+01	-2.589154208923266864e+01
3.329999999999299121e+01	-2.569219673268386828e+01
3.339999999999298552e+01	-2.550048049483715573e+01
3.349999999999297984e+01	-2.531603629688643409e+01
3.359999999999297415e+01	-2.513853491249667371e+01
3.369999999999296847e+01	-2.496767216435286230e+01
3.379999999999296278e+01	-2.480316646652730128e+01
3.389999999999295710e+01	-2.464475666272841536e+01
3.399999999999295142e+01	-2.449220011871323877e+01
3.409999999999294573e+01	-2.434527103385273250e+01
3.419999999999294005e+01	-2.420375894234199521e+01
3.429999999999293436e+01	-2.406746737908316902e+01
3.439999999999292868e+01	-2.393621268902601429e+01
3.449999999999292299e+01	-2.380982296187394454e+01
3.459999999999291731e+01	-2.368813707667388613e+01
3.469999999999291163e+01	-2.357100384299509699e+01
3.479999999999290594e+01	-2.345828122724482157e+01
3.489999999999290026e+01	-2.334983565422348306e+01
3.499999999999289457e+01	-2.324554137534122589e+01
3.509999999999288889e+01	-2.314527989604056302e+01
3.519999999999288320e+01	-2.304893945592478133e+01
3.529999999999287752e+01	-2.295641455591453450e+01
3.539999999999287184e+01	-2.286760552745520059e+01
3.549999999999286615e+01	-2.278241813940648086e+01
3.559999999999286047e+01	-2.270076323876570257e+01
3.569999999999285478e+01	-2.262255642183221838e+01
3.579999999999284910e+01	-2.254771773281034797e+01
3.589999999999284341e+01	-2.247617138719223817e+01
3.599999999999283773e+01	-2.240784551755963605e+01
3.609999999999283204e+01	-2.234267193970384113e+01
3.619999999999282636e+01	-2.228058593719247682e+01
3.629999999999282068e+01	-2.222152606271130182e+01
3.639999999999281499e+01	-2.216543395468677957e+01
3.649999999999280931e+01	-2.211225416785019604e+01
3.659999999999280362e+01	-2.206193401654171993e+01
3.669999999999279794e+01	-2.201442342967489552e+01
3.679999999999279225e+01	-2.196967481638983699e+01
3.689999999999278657e+01	-2.192764294151935900e+01
3.699999999999278089e+01	-2.188828481007787374e+01
3.709999999999277520e+01	-2.185155956005920075e+01
3.719999999999276952e+01	-2.181742836289736687e+01
3.729999999999276383e+01	-2.178585433100530366e+01
3.739999999999275815e+01	-2.175680243186181784e+01
3.749999999999275246e+01	-2.173023940816503341e+01
3.759999999999274678e+01	-2.170613370361616390e+01
3.769999999999274110e+01	-2.168445539393582067e+01
3.779999999999273541e+01	-2.166517612275236004e+01
3.789999999999272973e+01	-2.164826904203343005e+01
3.799999999999272404e+01	-2.163370875676151428e+01
3.809999999999271836e+01	-2.162147127358158372e+01
3.819999999999271267e+01	-2.161153395317230519e+01
3.829999999999270699e+01	-2.160387546611562470e+01
3.839999999999270131e+01	-2.159847575205862213e+01
3.849999999999269562e+01	-2.159531598198113755e+01
3.859999999999268994e+01	-2.159437852339886632e+01
3.869999999999268425e+01	-2.159564690834790923e+01
3.879999999999267857e+01	-2.159910580401066937e+01
3.889999999999267288e+01	-2.160474098585657288e+01
3.899999999999266720e+01	-2.161253931318381660e+01
3.909999999999266151e+01	-2.162248870695885117e+01
3.919999999999265583e+01	-2.163457812986246864e+01
3.929999999999265015e+01	-2.164879756846012882e+01
3.939999999999264446e+01	-2.166513801742463841e+01
3.949999999999263878e+01	-2.168359146574741203e+01
3.959999999999263309e+01	-2.170415088488412181e+01
3.969999999999262741e+01	-2.172681021878750585e+01
3.979999999999262172e+01	-2.175156437578893431e+01
3.989999999999261604e+01	-2.177840922229732712e+01
3.999999999999261036e+01	-2.180734157829131448e+01
4.009999999999260467e+01	-2.183835921458818063e+01
4.019999999999259899e+01	-2.187146085187997713e+01
4.029999999999259330e+01	-2.190664616153354061e+01
4.039999999999258762e+01	-2.194391576815929668e+01
4.049999999999258193e+01	-2.198327125396011184e+01
4.059999999999257625e+01	-2.202471516487824132e+01
4.069999999999257057e+01	-2.206825101856608029e+01
4.079999999999256488e+01	-2.211388331421426656e+01
4.089999999999255920e+01	-2.216161754427685082e+01
4.099999999999255351e+01	-2.221146020814288491e+01
4.109999999999254783e+01	-2.226341882781082049e+01
4.119999999999254214e+01	-2.231750196563103827e+01
4.129999999999253646e+01	-2.237371924419148783e+01
4.139999999999253077e+01	-2.243208136843025002e+01
4.149999999999252509e+01	-2.249260015006957047e+01
4.159999999999251941e+01	-2.255528853447702886e+01
4.169999999999251372e+01	-2.262016063007050093e+01
4.179999999999250804e+01	-2.268723174039734403e+01
4.189999999999250235e+01	-2.275651839903087748e+01
4.199999999999249667e+01	-2.282803840744224999e+01
4.209999999999249098e+01	-2.290181087602246279e+01
4.219999999999248530e+01	-2.297785626844547480e+01
4.229999999999247962e+01	-2.305619644958373726e+01
4.239999999999247393e+01	-2.313685473720710917e+01
4.249999999999246825e+01	-2.321985595771970878e+01
4.259999999999246256e+01	-2.330522650621379910e+01
4.269999999999245688e+01	-2.339299441114718192e+01
4.279999999999245119e+01	-2.348318940398171151e+01
4.289999999999244551e+01	-2.357584299415276163e+01
4.299999999999243983e+01	-2.367098854977763978e+01
4.309999999999243414e+01	-2.376866138455117294e+01
4.319999999999242846e+01	-2.386889885132247002e+01
4.329999999999242277e+01	-2.397174044289810269e+01
4.339999999999241709e+01	-2.407722790067151308e+01
4.349999999999241140e+01	-2.418540533174414264e+01
4.359999999999240572e+01	-2.429631933527128140e+01
4.369999999999240003e+01	-2.441001913884643670e+01
4.379999999999239435e+01	-2.452655674582517520e+01
4.389999999999238867e+01	-2.464598709458925541e+01
4.399999999999238298e+01	-2.476836823086323136e+01
4.409999999999237730e+01	-2.489376149432244389e+01
4.419999999999237161e+01	-2.502223172087256131e+01
4.429999999999236593e+01	-2.515384746214340339e+01
4.439999999999236024e+01	-2.528868122392234241e+01
4.449999999999235456e+01	-2.542680972546047968e+01
4.459999999999234888e+01	-2.556831418182242999e+01
4.469999999999234319e+01	-2.571328061172094337e+01
4.479999999999233751e+01	-2.586180017358813643e+01
4.489999999999233182e+01	-2.601396953299100900e+01
4.499999999999232614e+01	-2.616989126490626560e+01
4.509999999999232045e+01	-2.632967429484431676e+01
4.519999999999231477e+01	-2.649343438335473877e+01
4.529999999999230909e+01	-2.666129465907868834e+01
4.539999999999230340e+01	-2.683338620624972393e+01
4.549999999999229772e+01	-2.700984871339782600e+01
4.559999999999229203e+01	-2.719083119101681234e+01
4.569999999999228635e+01	-2.737649276712657809e+01
4.579999999999228066e+01	-2.756700357104637078e+01
4.589999999999227498e+01	-2.776254571732562937e+01
4.599999999999226930e+01	-2.796331440371442056e+01
4.609999999999226361e+01	-2.816951913935471907e+01
4.619999999999225793e+01	-2.838138512212054820e+01
4.629999999999225224e+01	-2.859915478732678906e+01
4.639999999999224656e+01	-2.882308955398949379e+01
4.649999999999224087e+01	-2.905347179961321302e+01
4.659999999999223519e+01	-2.929060710029979475e+01
4.669999999999222950e+01	-2.953482678008160534e+01
4.679999999999222382e+01	-2.978649082209750887e+01
4.689999999999221814e+01	-3.004599120498732390e+01
4.699999999999221245e+01	-3.031375574122050409e+01
4.709999999999220677e+01	-3.059025251072950624e+01
4.719999999999220108e+01	-3.087599500413297449e+01
4.729999999999219540e+01	-3.117154811628297750e+01
4.739999999999218971e+01	-3.147753516455320622e+01
4.749999999999218403e+01	-3.179464614950957113e+01
4.759999999999217835e+01	-3.212364753151925356e+01
4.769999999999217266e+01	-3.246539386981731923e+01
4.779999999999216698e+01	-3.282084176663642694e+01
4.789999999999216129e+01	-3.319106668679606287e+01
4.799999999999215561e+01	-3.357728339494097725e+01
4.809999999999214992e+01	-3.398087098619590307e+01
4.819999999999214424e+01	-3.440340380757383798e+01
4.829999999999213856e+01	-3.484669001617306350e+01
4.839999999999213287e+01	-3.531282015549603415e+01
4.849999999999212719e+01	-3.580422904527232220e+01
4.859999999999212150e+01	-3.632377561854599435e+01
4.869999999999211582e+01	-3.687484733787216129e+01
4.879999999999211013e+01	-3.746149887020338554e+01
4.889999999999210445e+01	-3.808863946167097936e+01
4.899999999999209876e+01	-3.876229109577388954e+01
4.909999999999209308e+01	-3.948995216362764182e+01
4.919999999999208740e+01	-4.028112303819898443e+01
4.929999999999208171e+01	-4.114808857561246924e+01
4.939999999999207603e+01	-4.210712475570301194e+01
4.949999999999207034e+01	-4.318043925479551604e+01
4.959999999999206466e+01	-4.439945679003400869e+01
4.969999999999205897e+01	-4.581075016714463999e+01
4.979999999999205329e+01	-4.748767367015603469e+01
4.989999999999204761e+01	-4.955588091769315895e+01
4.999999999999204192e+01	-5.225905007830354521e+01
5.009999999999203624e+01	-5.617763117269418416e+01
5.019999999999203055e+01	-6.344596813855473982e+01
5.029999999999202487e+01	-7.386414243464298579e+01
5.039999999999201918e+01	-5.939115175919502576e+01
5.049999999999201350e+01	-5.425663727567965111e+01
5.059999999999200782e+01	-5.106856583946818517e+01
5.069999999999200213e+01	-4.875500959616481111e+01
5.079999999999199645e+01	-4.694098739097709938e+01
5.089999999999199076e+01	-4.545071153565043431e+01
5.099999999999198508e+01	-4.418751231939101132e+01
5.109999999999197939e+01	-4.309249587228607936e+01
5.119999999999197371e+01	-4.212711094165850056e+01
5.129999999999196802e+01	-4.126473981695593096e+01
5.139999999999196234e+01	-4.048623019110182497e+01
5.149999999999195666e+01	-3.977734037294127489e+01
5.159999999999195097e+01	-3.912719175062634491e+01
5.169999999999194529e+01	-3.852728660032842356e+01
5.179999999999193960e+01	-3.797086018947244668e+01
5.189999999999193392e+01	-3.745243929860851040e+01
5.199999999999192823e+01	-3.696753294983570726e+01
5.209999999999192255e+01	-3.651241050536599175e+01
5.219999999999191687e+01	-3.608393909477112516e+01
5.229999999999191118e+01	-3.567946229832674021e+01
5.239999999999190550e+01	-3.529670812749714059e+01
5.249999999999189981e+01	-3.493371820221164370e+01
5.259999999999189413e+01	-3.458879252282083883e+01
5.269999999999188844e+01	-3.426044588933634572e+01
5.279999999999188276e+01	-3.394737313923587863e+01
5.289999999999187708e+01	-3.364842114552952523e+01
5.299999999999187139e+01	-3.336256605634644501e+01
5.309999999999186571e+01	-3.308889464104218092e+01
5.319999999999186002e+01	-3.282658888459739899e+01
5.329999999999185434e+01	-3.257491317431733080e+01
5.339999999999184865e+01	-3.233320357237233367e+01
5.349999999999184297e+01	-3.210085877953252975e+01
5.359999999999183729e+01	-3.187733247990339436e+01
5.369999999999183160e+01	-3.166212682088346497e+01
5.379999999999182592e+01	-3.145478683213062965e+01
5.389999999999182023e+01	-3.125489562578344760e+01
5.399999999999181455e+01	-3.106207025026527546e+01
5.409999999999180886e+01	-3.087595809369495825e+01
5.419999999999180318e+01	-3.069623375172952606e+01
5.429999999999179749e+01	-3.052259628967683369e+01
5.439999999999179181e+01	-3.035476684077976017e+01
5.449999999999178613e+01	-3.019248649232196513e+01
5.459999999999178044e+01	-3.003551441912916431e+01
5.469999999999177476e+01	-2.988362623051340705e+01
5.479999999999176907e+01	-2.973661250202206929e+01
5.489999999999176339e+01	-2.959427746773885204e+01
5.499999999999175770e+01	-2.945643785251824198e+01
5.509999999999175202e+01	-2.932292182655927348e+01
5.519999999999174634e+01	-2.919356806725210873e+01
5.529999999999174065e+01	-2.906822491535321262e+01
5.539999999999173497e+01	-2.894674961433048921e+01
5.549999999999172928e+01	-2.882900762323058785e+01
5.559999999999172360e+01	-2.871487199470112017e+01
5.569999999999171791e+01	-2.860422281089171648e+01
5.579999999999171223e+01	-2.849694667088736821e+01
5.589999999999170655e+01	-2.839293622412643359e+01
5.599999999999170086e+01	-2.829208974493821671e+01
5.609999999999169518e+01	-2.819431074392758063e+01
5.619999999999168949e+01	-2.809950761244099127e+01
5.629999999999168381e+01	-2.800759329679150511e+01
5.639999999999167812e+01	-2.791848499930185667e+01
5.649999999999167244e+01	-2.783210390355989006e+01
5.659999999999166675e+01	-2.774837492156972729e+01
5.669999999999166107e+01	-2.766722646073771585e+01
5.679999999999165539e+01	-2.758859020885472546e+01
5.689999999999164970e+01	-2.751240093543223963e+01
5.699999999999164402e+01	-2.743859630792121251e+01
5.709999999999163833e+01	-2.736711672149693797e+01
5.719999999999163265e+01	-2.729790514122399969e+01
5.729999999999162696e+01	-2.723090695553768725e+01
5.739999999999162128e+01	-2.716606984008132741e+01
5.749999999999161560e+01	-2.710334363103349986e+01
5.759999999999160991e+01	-2.704268020714285825e+01
5.769999999999160423e+01	-2.698403337976169780e+01
5.779999999999159854e+01	-2.692735879023644685e+01
5.789999999999159286e+01	-2.687261381407236627e+01
5.799999999999158717e+01	-2.681975747134293897e+01
5.809999999999158149e+01	-2.676875034286219446e+01
5.819999999999157581e+01	-2.671955449168060071e+01
5.829999999999157012e+01	-2.667213338950483958e+01
5.839999999999156444e+01	-2.662645184767471562e+01
5.849999999999155875e+01	-2.658247595236366223e+01
5.859999999999155307e+01	-2.654017300369639898e+01
5.869999999999154738e+01	-2.649951145850307910e+01
5.879999999999154170e+01	-2.646046087645283151e+01
5.889999999999153601e+01	-2.642299186933039223e+01
5.899999999999153033e+01	-2.638707605323823202e+01
5.909999999999152465e+01	-2.635268600352461021e+01
5.919999999999151896e+01	-2.631979521225349572e+01
5.929999999999151328e+01	-2.628837804804586753e+01
5.939999999999150759e+01	-2.625840971813669711e+01
5.949999999999150191e+01	-2.622986623250227112e+01
5.959999999999149622e+01	-2.620272436992387100e+01
5.969999999999149054e+01	-2.617696164586497787e+01
5.979999999999148486e+01	-2.615255628204587168e+01
5.989999999999147917e+01	-2.612948717761092254e+01
5.999999999999147349e+01	-2.610773388178876075e+01
6.009999999999146780e+01	-2.608727656795430150e+01
6.019999999999146212e+01	-2.606809600900787061e+01
6.029999999999145643e+01	-2.605017355399170498e+01
6.039999999999145075e+01	-2.603349110587080872e+01
6.049999999999144507e+01	-2.601803110040940226e+01
6.059999999999143938e+01	-2.600377648607919312e+01
6.069999999999143370e+01	-2.599071070493987889e+01
6.079999999999142801e+01	-2.597881767443656287e+01
6.089999999999142233e+01	-2.596808177006163021e+01
6.099999999999141664e+01	-2.595848780883350315e+01
6.109999999999141096e+01	-2.595002103354595135e+01
6.119999999999140528e+01	-2.594266709774657542e+01
6.129999999999139959e+01	-2.593641205140373884e+01
6.139999999999139391e+01	-2.593124232722566802e+01
6.149999999999138822e+01	-2.592714472759621458e+01
6.159999999999138254e+01	-2.592410641209493605e+01
6.169999999999137685e+01	-2.592211488557072130e+01
6.179999999999137117e+01	-2.592115798674004878e+01
6.189999999999136548e+01	-2.592122387728305810e+01
6.199999999999135980e+01	-2.592230103141172393e+01
6.209999999999135412e+01	-2.592437822588625806e+01
6.219999999999134843e+01	-2.592744453045749253e+01
6.229999999999134275e+01	-2.593148929871366448e+01
6.239999999999133706e+01	-2.593650215931177883e+01
6.249999999999133138e+01	-2.594247300757494301e+01
6.259999999999132569e+01	-2.594939199743743430e+01
6.269999999999132001e+01	-2.595724953372142352e+01
6.279999999999131433e+01	-2.596603626472873572e+01
6.289999999999130864e+01	-2.597574307513348657e+01
6.299999999999130296e+01	-2.598636107916116345e+01
6.309999999999129727e+01	-2.599788161404060460e+01
6.319999999999129159e+01	-2.601029623371677957e+01
6.329999999999128590e+01	-2.602359670281193615e+01
6.339999999999128022e+01	-2.603777499082424285e+01
6.349999999999127454e+01	-2.605282326655305880e+01
6.359999999999126885e+01	-2.606873389274049302e+01
6.369999999999126317e+01	-2.608549942092036389e+01
6.379999999999125748e+01	-2.610311258646442312e+01
6.389999999999125180e+01	-2.612156630381832656e+01
6.399999999999124611e+01	-2.614085366191834225e+01
6.409999999999124043e+01	-2.616096791978124614e+01
6.419999999999123474e+01	-2.618190250226058424e+01
6.429999999999122906e+01	-2.620365099596128999e+01
6.439999999999122338e+01	-2.622620714530683728e+01
6.449999999999121769e+01	-2.624956484875237805e+01
6.459999999999121201e+01	-2.627371815513758690e+01
6.469999999999120632e+01	-2.629866126017365247e+01
6.479999999999120064e+01	-2.632438850305944555e+01
6.489999999999119495e+01	-2.635089436322051171e+01
6.499999999999118927e+01	-2.637817345716740292e+01
6.509999999999118359e+01	-2.640622053546732317e+01
6.519999999999117790e+01	-2.643503047982571985e+01
6.529999999999117222e+01	-2.646459830027247406e+01
6.539999999999116653e+01	-2.649491913244968444e+01
6.549999999999116085e+01	-2.652598823499612379e+01
6.559999999999115516e+01	-2.655780098702584269e+01
6.569999999999114948e+01	-2.659035288569580757e+01
6.579999999999114380e+01	-2.662363954386079001e+01
6.589999999999113811e+01	-2.665765668781133257e+01
6.599999999999113243e+01	-2.669240015509187103e+01
6.609999999999112674e+01	-2.672786589239617072e+01
6.619999999999112106e+01	-2.676404995353700400e+01
6.629999999999111537e+01	-2.680094849748805785e+01
6.639999999999110969e+01	-2.683855778649430590e+01
6.649999999999110400e+01	-2.687687418424970076e+01
6.659999999999109832e+01	-2.691589415413849906e+01
6.669999999999109264e+01	-2.695561425753921014e+01
6.679999999999108695e+01	-2.699603115218788929e+01
6.689999999999108127e+01	-2.703714159059945743e+01
6.699999999999107558e+01	-2.707894241854468120e+01
6.709999999999106990e+01	-2.712143057358087006e+01
6.719999999999106421e+01	-2.716460308363453535e+01
6.729999999999105853e+01	-2.720845706563451927e+01
6.739999999999105285e+01	-2.725298972419306409e+01
6.749999999999104716e+01	-2.729819835033416098e+01
6.759999999999104148e+01	-2.734408032026679081e+01
6.769999999999103579e+01	-2.739063309420243542e+01
6.779999999999103011e+01	-2.743785421521409518e+01
6.789999999999102442e+01	-2.748574130813651095e+01
6.799999999999101874e+01	-2.753429207850633631e+01
6.809999999999101306e+01	-2.758350431153946758e+01
6.819999999999100737e+01	-2.763337587114612859e+01
6.829999999999100169e+01	-2.768390469898123740e+01
6.839999999999099600e+01	-2.773508881352921307e+01
6.849999999999099032e+01	-2.778692630922225959e+01
6.859999999999098463e+01	-2.783941535559091207e+01
6.869999999999097895e+01	-2.789255419644538136e+01
6.879999999999097327e+01	-2.794634114908748757e+01
6.889999999999096758e+01	-2.800077460355104364e+01
6.899999999999096190e+01	-2.805585302187083130e+01
6.909999999999095621e+01	-2.811157493737845314e+01
6.919999999999095053e+01	-2.816793895402426884e+01
6.929999999999094484e+01	-2.822494374572477227e+01
6.939999999999093916e+01	-2.828258805573426571e+01
6.949999999999093347e+01	-2.834087069603963727e+01
6.959999999999092779e+01	-2.839979054677857562e+01
6.969999999999092211e+01	-2.845934655567836202e+01
6.979999999999091642e+01	-2.851953773751674603e+01
6.989999999999091074e+01	-2.858036317360214795e+01
6.999999999999090505e+01	-2.864182201127339766e+01
7.009999999999089937e+01	-2.870391346341808969e+01
7.019999999999089368e+01	-2.876663680800849221e+01
7.029999999999088800e+01	-2.882999138765430658e+01
7.039999999999088232e+01	-2.889397660917169475e+01
7.049999999999087663e+01	-2.895859194316770413e+01
7.059999999999087095e+01	-2.902383692363917334e+01
7.069999999999086526e+01	-2.908971114758540111e+01
7.079999999999085958e+01	-2.915621427463399229e+01
7.089999999999085389e+01	-2.922334602667882919e+01
7.099999999999084821e+01	-2.929110618752963191e+01
7.109999999999084253e+01	-2.935949460257218036e+01
7.119999999999083684e+01	-2.942851117843810016e+01
7.129999999999083116e+01	-2.949815588268473121e+01
7.139999999999082547e+01	-2.956842874348151540e+01
7.149999999999081979e+01	-2.963932984930571024e+01
7.159999999999081410e+01	-2.971085934864350975e+01
7.169999999999080842e+01	-2.978301744969712672e+01
7.179999999999080273e+01	-2.985580442009689506e+01
7.189999999999079705e+01	-2.992922058661739726e+01
7.199999999999079137e+01	-3.000326633489606110e+01
7.209999999999078568e+01	-3.007794210915468724e+01
7.219999999999078000e+01	-3.015324841192130378e+01
7.229999999999077431e+01	-3.022918580375252517e+01
7.239999999999076863e+01	-3.030575490295477792e+01
7.249999999999076294e+01	-3.038295638530410514e+01
7.259999999999075726e+01	-3.046079098376144856e+01
7.269999999999075158e+01	-3.053925948818562830e+01
7.279999999999074589e+01	-3.061836274503919952e+01
7.289999999999074021e+01	-3.069810165708833694e+01
7.299999999999073452e+01	-3.077847718309512004e+01
7.309999999999072884e+01	-3.085949033749953685e+01
7.319999999999072315e+01	-3.094114219009198052e+01
7.329999999999071747e+01	-3.102343386567230965e+01
7.339999999999071179e+01	-3.110636654369663034e+01
7.349999999999070610e+01	-3.118994145790789929e+01
7.359999999999070042e+01	-3.127415989595000312e+01
7.369999999999069473e+01	-3.135902319896330681e+01
7.379999999999068905e+01	-3.144453276115983797e+01
7.389999999999068336e+01	-3.153069002937595045e+01
7.399999999999067768e+01	-3.161749650260119182e+01
7.409999999999067199e+01	-3.170495373148051854e+01
7.419999999999066631e+01	-3.179306331778828820e+01
7.429999999999066063e+01	-3.188182691387154222e+01
7.439999999999065494e+01	-3.197124622205993205e+01
7.449999999999064926e+01	-3.206132299404026753e+01
7.459999999999064357e+01	-3.215205903019262479e+01
7.469999999999063789e+01	-3.224345617888652527e+01
7.479999999999063220e+01	-3.233551633573117812e+01
7.489999999999062652e+01	-3.242824144278097975e+01
7.499999999999062084e+01	-3.252163348768959850e+01
7.509999999999061515e+01	-3.261569450281123039e+01
7.519999999999060947e+01	-3.271042656424471318e+01
7.529999999999060378e+01	-3.280583179081664724e+01
7.539999999999059810e+01	-3.290191234300073830e+01
7.549999999999059241e+01	-3.299867042176764187e+01
7.559999999999058673e+01	-3.309610826736184919e+01
7.569999999999058105e+01	-3.319422815800260196e+01
7.579999999999057536e+01	-3.329303240849917955e+01
7.589999999999056968e+01	-3.339252336878279692e+01
7.599999999999056399e+01	-3.349270342234297715e+01
7.609999999999055831e+01	-3.359357498456635938e+01
7.619999999999055262e+01	-3.369514050097261304e+01
7.629999999999054694e+01	-3.379740244533854820e+01
7.639999999999054126e+01	-3.390036331770606637e+01
7.649999999999053557e+01	-3.400402564226682500e+01
7.659999999999052989e+01	-3.410839196511493299e+01
7.669999999999052420e+01	-3.421346485186325026e+01
7.679999999999051852e+01	-3.431924688511081456e+01
7.689999999999051283e+01	-3.442574066175716752e+01
7.699999999999050715e+01	-3.453294879015201957e+01
7.709999999999050146e+01	-3.464087388707267223e+01
7.719999999999049578e+01	-3.474951857451742399e+01
7.729999999999049010e+01	-3.485888547630722911e+01
7.739999999999048441e+01	-3.496897721448157625e+01
7.749999999999047873e+01	-3.507979640547978306e+01
7.759999999999047304e+01	-3.519134565609440557e+01
7.769999999999046736e+01	-3.530362755918425677e+01
7.779999999999046167e+01	-3.541664468913359798e+01
7.789999999999045599e+01	-3.553039959704324957e+01
7.799999999999045031e+01	-3.564489480563888435e+01
7.809999999999044462e+01	-3.576013280388246329e+01
7.819999999999043894e+01	-3.587611604126679055e+01
7.829999999999043325e+01	-3.599284692177931078e+01
7.839999999999042757e+01	-3.611032779751666055e+01
7.849999999999042188e+01	-3.622856096192856512e+01
7.859999999999041620e+01	-3.634754864267253538e+01
7.869999999999041052e+01	-3.646729299406040781e+01
7.879999999999040483e+01	-3.658779608907027381e+01
7.889999999999039915e+01	-3.670905991090327802e+01
7.899999999999039346e+01	-3.683108634406063686e+01
7.909999999999038778e+01	-3.695387716491571695e+01
7.919999999999038209e+01	-3.707743403175216201e+01
7.929999999999037641e+01	-3.720175847424184212e+01
7.939999999999037072e+01	-3.732685188233198659e+01
7.949999999999036504e+01	-3.745271549451302917e+01
7.959999999999035936e+01	-3.757935038542879624e+01
7.969999999999035367e+01	-3.770675745280242808e+01
7.979999999999034799e+01	-3.783493740363797286e+01
7.989999999999034230e+01	-3.796389073965900707e+01
7.999999999999033662e+01	-3.809361774195198791e+01
8.009999999999033093e+01	-3.822411845476580794e+01
8.019999999999032525e+01	-3.835539266843062478e+01
8.029999999999031957e+01	-3.848743990135039894e+01
8.039999999999031388e+01	-3.862025938102171807e+01
8.049999999999030820e+01	-3.875385002403288581e+01
8.059999999999030251e+01	-3.888821041499263487e+01
8.069999999999029683e+01	-3.902333878433802994e+01
8.079999999999029114e+01	-3.915923298496294080e+01
8.089999999999028546e+01	-3.929589046762166760e+01
8.099999999999027978e+01	-3.943330825503836223e+01
8.109999999999027409e+01	-3.957148291467392198e+01
8.119999999999026841e+01	-3.971041053007883193e+01
8.129999999999026272e+01	-3.985008667078110278e+01
8.139999999999025704e+01	-3.999050636063336128e+01
8.149999999999025135e+01	-4.013166404456006831e+01
8.159999999999024567e+01	-4.027355355363815193e+01
8.169999999999023998e+01	-4.041616806843735077e+01
8.179999999999023430e+01	-4.055950008055677358e+01
8.189999999999022862e+01	-4.070354135228348724e+01
8.199999999999022293e+01	-4.084828287430595140e+01
8.209999999999021725e+01	-4.099371482140863776e+01
8.219999999999021156e+01	-4.113982650608215863e+01
8.229999999999020588e+01	-4.128660632997605262e+01
8.239999999999020019e+01	-4.143404173312926275e+01
8.249999999999019451e+01	-4.158211914091202743e+01
8.259999999999018883e+01	-4.173082390861542024e+01
8.269999999999018314e+01	-4.188014026363557463e+01
8.279999999999017746e+01	-4.203005124518981006e+01
8.289999999999017177e+01	-4.218053864152358301e+01
8.299999999999016609e+01	-4.233158292456324290e+01
8.309999999999016040e+01	-4.248316318198531860e+01
8.319999999999015472e+01	-4.263525704667063110e+01
8.329999999999014904e+01	-4.278784062354282725e+01
8.339999999999014335e+01	-4.294088841377999444e+01
8.349999999999013767e+01	-4.309437323642779205e+01
8.359999999999013198e+01	-4.324826614743594178e+01
8.369999999999012630e+01	-4.340253635617726502e+01
8.379999999999012061e+01	-4.355715113952591366e+01
8.389999999999011493e+01	-4.371207575358630493e+01
8.399999999999010925e+01	-4.386727334321478367e+01
8.409999999999010356e+01	-4.402270484947454321e+01
8.419999999999009788e+01	-4.417832891523583783e+01
8.429999999999009219e+01	-4.433410178914189714e+01
8.439999999999008651e+01	-4.448997722821528100e+01
8.449999999999008082e+01	-4.464590639942812800e+01
8.459999999999007514e+01	-4.480183778060667521e+01
8.469999999999006945e+01	-4.495771706108921251e+01
8.479999999999006377e+01	-4.511348704262424292e+01
8.489999999999005809e+01	-4.526908754105810573e+01
8.499999999999005240e+01	-4.542445528941809130e+01
8.509999999999004672e+01	-4.557952384308392624e+01
8.519999999999004103e+01	-4.573422348780775337e+01
8.529999999999003535e+01	-4.588848115142425854e+01
8.539999999999002966e+01	-4.604222032016778599e+01
8.549999999999002398e+01	-4.619536096061742825e+01
8.559999999999001830e+01	-4.634781944836368694e+01
8.569999999999001261e+01	-4.649950850457354079e+01
8.579999999999000693e+01	-4.665033714174207802e+01
8.589999999999000124e+01	-4.680021061998121468e+01
8.599999999998999556e+01	-4.694903041529117615e+01
8.609999999998998987e+01	-4.709669420134866158e+01
8.619999999998998419e+01	-4.724309584639258475e+01
8.629999999998997851e+01	-4.738812542687993812e+01
8.639999999998997282e+01	-4.753166925960784539e+01
8.649999999998996714e+01	-4.767360995406781399e+01
8.659999999998996145e+01	-4.781382648677018210e+01
8.669999999998995577e+01	-4.795219429932991773e+01
8.679999999998995008e+01	-4.808858542202769826e+01
8.689999999998994440e+01	-4.822286862453537282e+01
8.699999999998993871e+01	-4.835490959541577638e+01
8.709999999998993303e+01	-4.848457115184939425e+01
8.719999999998992735e+01	-4.861171348093333222e+01
8.729999999998992166e+01	-4.873619441366859206e+01
8.739999999998991598e+01	-4.885786973251323673e+01
8.749999999998991029e+01	-4.897659351312594822e+01
8.759999999998990461e+01	-4.909221850056147218e+01
8.769999999998989892e+01	-4.920459651983993155e+01
8.779999999998989324e+01	-4.931357892037564028e+01
8.789999999998988756e+01	-4.941901705331879668e+01
8.799999999998988187e+01	-4.952076278036283696e+01
8.809999999998987619e+01	-4.961866901206286684e+01
8.819999999998987050e+01	-4.971259027316556001e+01
8.829999999998986482e+01	-4.980238329189351987e+01
8.839999999998985913e+01	-4.988790760958657700e+01
8.849999999998985345e+01	-4.996902620654395122e+01
8.859999999998984777e+01	-5.004560613938132718e+01
8.869999999998984208e+01	-5.011751918474903533e+01
8.879999999998983640e+01	-5.018464248377857473e+01
8.889999999998983071e+01	-5.024685918129176798e+01
8.899999999998982503e+01	-5.030405905347502937e+01
8.909999999998981934e+01	-5.035613911752574268e+01
8.919999999998981366e+01	-5.040300421667290465e+01
8.929999999998980797e+01	-5.044456757397347957e+01
8.939999999998980229e+01	-5.048075130841531433e+01
8.949999999998979661e+01	-5.051148690711289646e+01
8.959999999998979092e+01	-5.053671564771824620e+01
8.969999999998978524e+01	-5.055638896572815355e+01
8.979999999998977955e+01	-5.057046876187790474e+01
8.989999999998977387e+01	-5.057892764562993193e+01
